  -3.1444880346351956E-002  -9.7459003863721333E-002  -6.6409551067695780E-003  -3.5449584933857975E-004   8.1990116756619460E-007   5.1308309463927068E-007   0.0000000000000000        0.0000000000000000        0.0000000000000000        0.0000000000000000        0.0000000000000000        0.0000000000000000        0.0000000000000000        0.0000000000000000        0.0000000000000000        0.0000000000000000        8.1958591247124772E-007  -3.5449585225496742E-004  -6.6408016574939803E-003  -9.7455635078013234E-002   0.0000000000000000        0.0000000000000000        0.0000000000000000        0.0000000000000000        0.0000000000000000        0.0000000000000000        0.0000000000000000        0.0000000000000000        0.0000000000000000        0.0000000000000000        0.0000000000000000        0.0000000000000000     
  -9.7459003863721333E-002  -3.1388093642359949E-002  -9.7456247907922761E-002  -6.6407451177818103E-003  -3.5449004159944270E-004   8.1913586689526322E-007   5.1304571407532285E-007   0.0000000000000000        0.0000000000000000        0.0000000000000000        0.0000000000000000        0.0000000000000000        0.0000000000000000        0.0000000000000000        0.0000000000000000        0.0000000000000000        5.1312867533845642E-007   8.1929222369688248E-007  -3.5449964948711652E-004  -6.6408210566658438E-003   0.0000000000000000        0.0000000000000000        0.0000000000000000        0.0000000000000000        0.0000000000000000        0.0000000000000000        0.0000000000000000        0.0000000000000000        0.0000000000000000        0.0000000000000000        0.0000000000000000        0.0000000000000000     
  -6.6409551067695780E-003  -9.7456247907922761E-002  -3.1381172419242653E-002  -9.7454531021163152E-002  -6.6407195579974883E-003  -3.5449075454820848E-004   8.1855598145027040E-007   5.1301441473362485E-007   0.0000000000000000        0.0000000000000000        0.0000000000000000        0.0000000000000000        0.0000000000000000        0.0000000000000000        0.0000000000000000        0.0000000000000000        0.0000000000000000        5.1311038367269555E-007   8.1937380963970523E-007  -3.5449480799461686E-004   0.0000000000000000        0.0000000000000000        0.0000000000000000        0.0000000000000000        0.0000000000000000        0.0000000000000000        0.0000000000000000        0.0000000000000000        0.0000000000000000        0.0000000000000000        0.0000000000000000        0.0000000000000000     
  -3.5449584933857975E-004  -6.6407451177818103E-003  -9.7454531021163152E-002  -3.1378415025188122E-002  -9.7453698547089573E-002  -6.6406918160842520E-003  -3.5449394294854428E-004   8.1853327691134158E-007   5.1303911414027936E-007   0.0000000000000000        0.0000000000000000        0.0000000000000000        0.0000000000000000        0.0000000000000000        0.0000000000000000        0.0000000000000000        0.0000000000000000        0.0000000000000000        5.1313786034439557E-007   8.1937330052391324E-007   0.0000000000000000        0.0000000000000000        0.0000000000000000        0.0000000000000000        0.0000000000000000        0.0000000000000000        0.0000000000000000        0.0000000000000000        0.0000000000000000        0.0000000000000000        0.0000000000000000        0.0000000000000000     
   8.1990116756619460E-007  -3.5449004159944270E-004  -6.6407195579974883E-003  -9.7453698547089573E-002  -3.1377539122988907E-002  -9.7455608598876822E-002  -6.6407090088038273E-003  -3.5448945524714569E-004   8.1851946228064367E-007   5.1300939335713575E-007   0.0000000000000000        0.0000000000000000        0.0000000000000000        0.0000000000000000        0.0000000000000000        0.0000000000000000        0.0000000000000000        0.0000000000000000        0.0000000000000000        5.1311035228109432E-007   0.0000000000000000        0.0000000000000000        0.0000000000000000        0.0000000000000000        0.0000000000000000        0.0000000000000000        0.0000000000000000        0.0000000000000000        0.0000000000000000        0.0000000000000000        0.0000000000000000        0.0000000000000000     
   5.1308309463927068E-007   8.1913586689526322E-007  -3.5449075454820848E-004  -6.6406918160842520E-003  -9.7455608598876822E-002  -3.1377300872856950E-002  -9.7452887373733532E-002  -6.6407035350714780E-003  -3.5449383298100806E-004   8.1841662570507407E-007   5.1302789405049954E-007   0.0000000000000000        0.0000000000000000        0.0000000000000000        0.0000000000000000        0.0000000000000000        0.0000000000000000        0.0000000000000000        0.0000000000000000        0.0000000000000000        0.0000000000000000        0.0000000000000000        0.0000000000000000        0.0000000000000000        0.0000000000000000        0.0000000000000000        0.0000000000000000        0.0000000000000000        0.0000000000000000        0.0000000000000000        0.0000000000000000        0.0000000000000000     
   0.0000000000000000        5.1304571407532285E-007   8.1855598145027040E-007  -3.5449394294854428E-004  -6.6407090088038273E-003  -9.7452887373733532E-002  -3.1377858869145014E-002  -9.7455467795365680E-002  -6.6406844222909461E-003  -3.5449035055293662E-004   8.1871710426429089E-007   5.1302746095059340E-007   0.0000000000000000        0.0000000000000000        0.0000000000000000        0.0000000000000000        0.0000000000000000        0.0000000000000000        0.0000000000000000        0.0000000000000000        0.0000000000000000        0.0000000000000000        0.0000000000000000        0.0000000000000000        0.0000000000000000        0.0000000000000000        0.0000000000000000        0.0000000000000000        0.0000000000000000        0.0000000000000000        0.0000000000000000        0.0000000000000000     
   0.0000000000000000        0.0000000000000000        5.1301441473362485E-007   8.1853327691134158E-007  -3.5448945524714569E-004  -6.6407035350714780E-003  -9.7455467795365680E-002  -3.1376056945596642E-002  -9.7453619789709608E-002  -6.6406931467254422E-003  -3.5449005827287904E-004   8.1842355360282558E-007   5.1301086541181283E-007   0.0000000000000000        0.0000000000000000        0.0000000000000000        0.0000000000000000        0.0000000000000000        0.0000000000000000        0.0000000000000000        0.0000000000000000        0.0000000000000000        0.0000000000000000        0.0000000000000000        0.0000000000000000        0.0000000000000000        0.0000000000000000        0.0000000000000000        0.0000000000000000        0.0000000000000000        0.0000000000000000        0.0000000000000000     
   0.0000000000000000        0.0000000000000000        0.0000000000000000        5.1303911414027936E-007   8.1851946228064367E-007  -3.5449383298100806E-004  -6.6406844222909461E-003  -9.7453619789709608E-002  -3.1378185351408350E-002  -9.7453905262771368E-002  -6.6406850369287859E-003  -3.5449419042486203E-004   8.1853212738166653E-007   5.1304069144329545E-007   0.0000000000000000        0.0000000000000000        0.0000000000000000        0.0000000000000000        0.0000000000000000        0.0000000000000000        0.0000000000000000        0.0000000000000000        0.0000000000000000        0.0000000000000000        0.0000000000000000        0.0000000000000000        0.0000000000000000        0.0000000000000000        0.0000000000000000        0.0000000000000000        0.0000000000000000        0.0000000000000000     
   0.0000000000000000        0.0000000000000000        0.0000000000000000        0.0000000000000000        5.1300939335713575E-007   8.1841662570507407E-007  -3.5449035055293662E-004  -6.6406931467254422E-003  -9.7453905262771368E-002  -3.1376197819708351E-002  -9.7455200415294846E-002  -6.6407058675458947E-003  -3.5448918512394985E-004   8.1859173197314668E-007   5.1302288771939293E-007   0.0000000000000000        0.0000000000000000        0.0000000000000000        0.0000000000000000        0.0000000000000000        0.0000000000000000        0.0000000000000000        0.0000000000000000        0.0000000000000000        0.0000000000000000        0.0000000000000000        0.0000000000000000        0.0000000000000000        0.0000000000000000        0.0000000000000000        0.0000000000000000        0.0000000000000000     
   0.0000000000000000        0.0000000000000000        0.0000000000000000        0.0000000000000000        0.0000000000000000        5.1302789405049954E-007   8.1871710426429089E-007  -3.5449005827287904E-004  -6.6406850369287859E-003  -9.7455200415294846E-002  -3.1377771887063033E-002  -9.7453214469001598E-002  -6.6407112319540919E-003  -3.5449432122215501E-004   8.1875813683444061E-007   5.1306955901736705E-007   0.0000000000000000        0.0000000000000000        0.0000000000000000        0.0000000000000000        0.0000000000000000        0.0000000000000000        0.0000000000000000        0.0000000000000000        0.0000000000000000        0.0000000000000000        0.0000000000000000        0.0000000000000000        0.0000000000000000        0.0000000000000000        0.0000000000000000        0.0000000000000000     
   0.0000000000000000        0.0000000000000000        0.0000000000000000        0.0000000000000000        0.0000000000000000        0.0000000000000000        5.1302746095059340E-007   8.1842355360282558E-007  -3.5449419042486203E-004  -6.6407058675458947E-003  -9.7453214469001598E-002  -3.1377787094330700E-002  -9.7455346306109997E-002  -6.6407008099681215E-003  -3.5449027078920541E-004   8.1978087281764232E-007   0.0000000000000000        0.0000000000000000        0.0000000000000000        0.0000000000000000        0.0000000000000000        0.0000000000000000        0.0000000000000000        0.0000000000000000        5.1312881818345700E-007   0.0000000000000000        0.0000000000000000        0.0000000000000000        0.0000000000000000        0.0000000000000000        0.0000000000000000        0.0000000000000000     
   0.0000000000000000        0.0000000000000000        0.0000000000000000        0.0000000000000000        0.0000000000000000        0.0000000000000000        0.0000000000000000        5.1301086541181283E-007   8.1853212738166653E-007  -3.5448918512394985E-004  -6.6407112319540919E-003  -9.7455346306109997E-002  -3.1377432532741723E-002  -9.7454195119707890E-002  -6.6407454127539074E-003  -3.5449166066537469E-004   0.0000000000000000        0.0000000000000000        0.0000000000000000        0.0000000000000000        0.0000000000000000        0.0000000000000000        0.0000000000000000        0.0000000000000000        8.1929426771086181E-007   5.1311057632691252E-007   0.0000000000000000        0.0000000000000000        0.0000000000000000        0.0000000000000000        0.0000000000000000        0.0000000000000000     
   0.0000000000000000        0.0000000000000000        0.0000000000000000        0.0000000000000000        0.0000000000000000        0.0000000000000000        0.0000000000000000        0.0000000000000000        5.1304069144329545E-007   8.1859173197314668E-007  -3.5449432122215501E-004  -6.6407008099681215E-003  -9.7454195119707890E-002  -3.1380502075364691E-002  -9.7454752756190366E-002  -6.6408694629158504E-003   0.0000000000000000        0.0000000000000000        0.0000000000000000        0.0000000000000000        0.0000000000000000        0.0000000000000000        0.0000000000000000        0.0000000000000000       -3.5449967025012334E-004   8.1937662700845441E-007   5.1313810449716721E-007   0.0000000000000000        0.0000000000000000        0.0000000000000000        0.0000000000000000        0.0000000000000000     
   0.0000000000000000        0.0000000000000000        0.0000000000000000        0.0000000000000000        0.0000000000000000        0.0000000000000000        0.0000000000000000        0.0000000000000000        0.0000000000000000        5.1302288771939293E-007   8.1875813683444061E-007  -3.5449027078920541E-004  -6.6407454127539074E-003  -9.7454752756190366E-002  -3.1386540681881958E-002  -9.7459487926628341E-002   0.0000000000000000        0.0000000000000000        0.0000000000000000        0.0000000000000000        0.0000000000000000        0.0000000000000000        0.0000000000000000        0.0000000000000000       -6.6408218186607797E-003  -3.5449483000815597E-004   8.1937733648461899E-007   5.1311064206986833E-007   0.0000000000000000        0.0000000000000000        0.0000000000000000        0.0000000000000000     
   0.0000000000000000        0.0000000000000000        0.0000000000000000        0.0000000000000000        0.0000000000000000        0.0000000000000000        0.0000000000000000        0.0000000000000000        0.0000000000000000        0.0000000000000000        5.1306955901736705E-007   8.1978087281764232E-007  -3.5449166066537469E-004  -6.6408694629158504E-003  -9.7459487926628341E-002  -3.1424325858068536E-002   0.0000000000000000        0.0000000000000000        0.0000000000000000        0.0000000000000000        0.0000000000000000        0.0000000000000000        0.0000000000000000        0.0000000000000000       -9.7453391965546143E-002  -6.6408219050957482E-003  -3.5449967255650038E-004   8.1929585960172093E-007   0.0000000000000000        0.0000000000000000        0.0000000000000000        0.0000000000000000     
   8.1958591247124772E-007   5.1312867533845642E-007   0.0000000000000000        0.0000000000000000        0.0000000000000000        0.0000000000000000        0.0000000000000000        0.0000000000000000        0.0000000000000000        0.0000000000000000        0.0000000000000000        0.0000000000000000        0.0000000000000000        0.0000000000000000        0.0000000000000000        0.0000000000000000       -3.1461818142897863E-002  -9.7464923082110189E-002  -6.6412197577326495E-003  -3.5450697635624204E-004   8.2074071848834503E-007  -3.5450697635562914E-004   0.0000000000000000       -9.7464923081753807E-002   0.0000000000000000        0.0000000000000000        0.0000000000000000        0.0000000000000000        0.0000000000000000        0.0000000000000000        0.0000000000000000        0.0000000000000000     
  -3.5449585225496742E-004   8.1929222369688248E-007   5.1311038367269555E-007   0.0000000000000000        0.0000000000000000        0.0000000000000000        0.0000000000000000        0.0000000000000000        0.0000000000000000        0.0000000000000000        0.0000000000000000        0.0000000000000000        0.0000000000000000        0.0000000000000000        0.0000000000000000        0.0000000000000000       -9.7464923082110189E-002  -3.1461818499641893E-002  -9.7464918800993450E-002  -6.6412199192049512E-003   5.1318035504256384E-007   8.2073993100815125E-007  -3.5450698515089704E-004   0.0000000000000000        0.0000000000000000        0.0000000000000000        0.0000000000000000        0.0000000000000000        0.0000000000000000        0.0000000000000000        0.0000000000000000        0.0000000000000000     
  -6.6408016574939803E-003  -3.5449964948711652E-004   8.1937380963970523E-007   5.1313786034439557E-007   0.0000000000000000        0.0000000000000000        0.0000000000000000        0.0000000000000000        0.0000000000000000        0.0000000000000000        0.0000000000000000        0.0000000000000000        0.0000000000000000        0.0000000000000000        0.0000000000000000        0.0000000000000000       -6.6412197577326495E-003  -9.7464918800993450E-002  -3.1461779173076472E-002  -9.7464918800614947E-002  -6.6412197577619550E-003   5.1318029308057708E-007   8.2073888074289495E-007  -3.5450698515174570E-004   0.0000000000000000        0.0000000000000000        0.0000000000000000        0.0000000000000000        0.0000000000000000        0.0000000000000000        0.0000000000000000        0.0000000000000000     
  -9.7455635078013234E-002  -6.6408210566658438E-003  -3.5449480799461686E-004   8.1937330052391324E-007   5.1311035228109432E-007   0.0000000000000000        0.0000000000000000        0.0000000000000000        0.0000000000000000        0.0000000000000000        0.0000000000000000        0.0000000000000000        0.0000000000000000        0.0000000000000000        0.0000000000000000        0.0000000000000000       -3.5450697635624204E-004  -6.6412199192049512E-003  -9.7464918800614947E-002  -3.1461818501312883E-002   0.0000000000000000       -6.6412196413937925E-003   5.1318029307404910E-007   8.2073993079387955E-007   0.0000000000000000        0.0000000000000000        0.0000000000000000        0.0000000000000000        0.0000000000000000        0.0000000000000000        0.0000000000000000        0.0000000000000000     
   0.0000000000000000        0.0000000000000000        0.0000000000000000        0.0000000000000000        0.0000000000000000        0.0000000000000000        0.0000000000000000        0.0000000000000000        0.0000000000000000        0.0000000000000000        0.0000000000000000        0.0000000000000000        0.0000000000000000        0.0000000000000000        0.0000000000000000        0.0000000000000000        8.2074071848834503E-007   5.1318035504256384E-007  -6.6412197577619550E-003   0.0000000000000000       -3.1461818142897863E-002  -9.7464923082110189E-002  -6.6412197577326495E-003  -3.5450697635624204E-004   0.0000000000000000        0.0000000000000000        0.0000000000000000        0.0000000000000000        0.0000000000000000        0.0000000000000000        0.0000000000000000        0.0000000000000000     
   0.0000000000000000        0.0000000000000000        0.0000000000000000        0.0000000000000000        0.0000000000000000        0.0000000000000000        0.0000000000000000        0.0000000000000000        0.0000000000000000        0.0000000000000000        0.0000000000000000        0.0000000000000000        0.0000000000000000        0.0000000000000000        0.0000000000000000        0.0000000000000000       -3.5450697635562914E-004   8.2073993100815125E-007   5.1318029308057708E-007  -6.6412196413937925E-003  -9.7464923082110189E-002  -3.1461818499641893E-002  -9.7464918800993450E-002  -6.6412199192049512E-003   0.0000000000000000        0.0000000000000000        0.0000000000000000        0.0000000000000000        0.0000000000000000        0.0000000000000000        0.0000000000000000        0.0000000000000000     
   0.0000000000000000        0.0000000000000000        0.0000000000000000        0.0000000000000000        0.0000000000000000        0.0000000000000000        0.0000000000000000        0.0000000000000000        0.0000000000000000        0.0000000000000000        0.0000000000000000        0.0000000000000000        0.0000000000000000        0.0000000000000000        0.0000000000000000        0.0000000000000000        0.0000000000000000       -3.5450698515089704E-004   8.2073888074289495E-007   5.1318029307404910E-007  -6.6412197577326495E-003  -9.7464918800993450E-002  -3.1461779173076472E-002  -9.7464918800614947E-002   0.0000000000000000        0.0000000000000000        0.0000000000000000        0.0000000000000000        0.0000000000000000        0.0000000000000000        0.0000000000000000        0.0000000000000000     
   0.0000000000000000        0.0000000000000000        0.0000000000000000        0.0000000000000000        0.0000000000000000        0.0000000000000000        0.0000000000000000        0.0000000000000000        0.0000000000000000        0.0000000000000000        0.0000000000000000        0.0000000000000000        0.0000000000000000        0.0000000000000000        0.0000000000000000        0.0000000000000000       -9.7464923081753807E-002   0.0000000000000000       -3.5450698515174570E-004   8.2073993079387955E-007  -3.5450697635624204E-004  -6.6412199192049512E-003  -9.7464918800614947E-002  -3.1461818501312883E-002   0.0000000000000000        0.0000000000000000        0.0000000000000000        0.0000000000000000        0.0000000000000000        0.0000000000000000        0.0000000000000000        0.0000000000000000     
   0.0000000000000000        0.0000000000000000        0.0000000000000000        0.0000000000000000        0.0000000000000000        0.0000000000000000        0.0000000000000000        0.0000000000000000        0.0000000000000000        0.0000000000000000        0.0000000000000000        5.1312881818345700E-007   8.1929426771086181E-007  -3.5449967025012334E-004  -6.6408218186607797E-003  -9.7453391965546143E-002   0.0000000000000000        0.0000000000000000        0.0000000000000000        0.0000000000000000        0.0000000000000000        0.0000000000000000        0.0000000000000000        0.0000000000000000       -3.1461818138815129E-002  -9.7464923082054927E-002  -6.6412197577599159E-003  -3.5450697635672820E-004   8.2074071841729082E-007   5.1318035504164036E-007   0.0000000000000000        0.0000000000000000     
   0.0000000000000000        0.0000000000000000        0.0000000000000000        0.0000000000000000        0.0000000000000000        0.0000000000000000        0.0000000000000000        0.0000000000000000        0.0000000000000000        0.0000000000000000        0.0000000000000000        0.0000000000000000        5.1311057632691252E-007   8.1937662700845441E-007  -3.5449483000815597E-004  -6.6408219050957482E-003   0.0000000000000000        0.0000000000000000        0.0000000000000000        0.0000000000000000        0.0000000000000000        0.0000000000000000        0.0000000000000000        0.0000000000000000       -9.7464923082054927E-002  -3.1461818501460855E-002  -9.7464918801049544E-002  -6.6412196413983210E-003  -3.5450697635597896E-004   8.2073993101917115E-007   5.1318029308148859E-007   0.0000000000000000     
   0.0000000000000000        0.0000000000000000        0.0000000000000000        0.0000000000000000        0.0000000000000000        0.0000000000000000        0.0000000000000000        0.0000000000000000        0.0000000000000000        0.0000000000000000        0.0000000000000000        0.0000000000000000        0.0000000000000000        5.1313810449716721E-007   8.1937733648461899E-007  -3.5449967255650038E-004   0.0000000000000000        0.0000000000000000        0.0000000000000000        0.0000000000000000        0.0000000000000000        0.0000000000000000        0.0000000000000000        0.0000000000000000       -6.6412197577599159E-003  -9.7464918801049544E-002  -3.1461779173516891E-002  -9.7464918800732325E-002  -6.6412197577304394E-003  -3.5450698515054169E-004   8.2073888079158230E-007   5.1318029307697761E-007
   0.0000000000000000        0.0000000000000000        0.0000000000000000        0.0000000000000000        0.0000000000000000        0.0000000000000000        0.0000000000000000        0.0000000000000000        0.0000000000000000        0.0000000000000000        0.0000000000000000        0.0000000000000000        0.0000000000000000        0.0000000000000000        5.1311064206986833E-007   8.1929585960172093E-007   0.0000000000000000        0.0000000000000000        0.0000000000000000        0.0000000000000000        0.0000000000000000        0.0000000000000000        0.0000000000000000        0.0000000000000000       -3.5450697635672820E-004  -6.6412196413983210E-003  -9.7464918800732325E-002  -3.1461818503135945E-002  -9.7464923081635665E-002  -6.6412199192046745E-003  -3.5450698515126459E-004   8.2073993080521539E-007
   0.0000000000000000        0.0000000000000000        0.0000000000000000        0.0000000000000000        0.0000000000000000        0.0000000000000000        0.0000000000000000        0.0000000000000000        0.0000000000000000        0.0000000000000000        0.0000000000000000        0.0000000000000000        0.0000000000000000        0.0000000000000000        0.0000000000000000        0.0000000000000000        0.0000000000000000        0.0000000000000000        0.0000000000000000        0.0000000000000000        0.0000000000000000        0.0000000000000000        0.0000000000000000        0.0000000000000000        8.2074071841729082E-007  -3.5450697635597896E-004  -6.6412197577304394E-003  -9.7464923081635665E-002  -3.1461818138815129E-002  -9.7464923082054927E-002  -6.6412197577599159E-003  -3.5450697635672820E-004
   0.0000000000000000        0.0000000000000000        0.0000000000000000        0.0000000000000000        0.0000000000000000        0.0000000000000000        0.0000000000000000        0.0000000000000000        0.0000000000000000        0.0000000000000000        0.0000000000000000        0.0000000000000000        0.0000000000000000        0.0000000000000000        0.0000000000000000        0.0000000000000000        0.0000000000000000        0.0000000000000000        0.0000000000000000        0.0000000000000000        0.0000000000000000        0.0000000000000000        0.0000000000000000        0.0000000000000000        5.1318035504164036E-007   8.2073993101917115E-007  -3.5450698515054169E-004  -6.6412199192046745E-003  -9.7464923082054927E-002  -3.1461818501460855E-002  -9.7464918801049544E-002  -6.6412196413983210E-003
   0.0000000000000000        0.0000000000000000        0.0000000000000000        0.0000000000000000        0.0000000000000000        0.0000000000000000        0.0000000000000000        0.0000000000000000        0.0000000000000000        0.0000000000000000        0.0000000000000000        0.0000000000000000        0.0000000000000000        0.0000000000000000        0.0000000000000000        0.0000000000000000        0.0000000000000000        0.0000000000000000        0.0000000000000000        0.0000000000000000        0.0000000000000000        0.0000000000000000        0.0000000000000000        0.0000000000000000        0.0000000000000000        5.1318029308148859E-007   8.2073888079158230E-007  -3.5450698515126459E-004  -6.6412197577599159E-003  -9.7464918801049544E-002  -3.1461779173516891E-002  -9.7464918800732325E-002
   0.0000000000000000        0.0000000000000000        0.0000000000000000        0.0000000000000000        0.0000000000000000        0.0000000000000000        0.0000000000000000        0.0000000000000000        0.0000000000000000        0.0000000000000000        0.0000000000000000        0.0000000000000000        0.0000000000000000        0.0000000000000000        0.0000000000000000        0.0000000000000000        0.0000000000000000        0.0000000000000000        0.0000000000000000        0.0000000000000000        0.0000000000000000        0.0000000000000000        0.0000000000000000        0.0000000000000000        0.0000000000000000        0.0000000000000000        5.1318029307697761E-007   8.2073993080521539E-007  -3.5450697635672820E-004  -6.6412196413983210E-003  -9.7464918800732325E-002  -3.1461818503135945E-002
