  -6.7551900852445002E-003  -8.4466643380336714E-002  -4.4129372157606173E-003  -2.0850317526287389E-004  -3.7913322924317012E-006  -1.1341960626367402E-008   0.0000000000000000        0.0000000000000000        0.0000000000000000        0.0000000000000000        0.0000000000000000        0.0000000000000000        0.0000000000000000        0.0000000000000000        0.0000000000000000        0.0000000000000000       -3.7904476869337587E-006  -2.0857686539651693E-004  -4.4129522102937715E-003  -8.4532694643852269E-002   0.0000000000000000        0.0000000000000000        0.0000000000000000        0.0000000000000000        0.0000000000000000        0.0000000000000000        0.0000000000000000        0.0000000000000000        0.0000000000000000        0.0000000000000000        0.0000000000000000        0.0000000000000000     
  -8.4466643380336714E-002  -6.7521991063033138E-003  -8.4527434958426351E-002  -4.4129894532443517E-003  -2.0856167646836837E-004  -3.7912388374843042E-006  -1.1364567165802716E-008   0.0000000000000000        0.0000000000000000        0.0000000000000000        0.0000000000000000        0.0000000000000000        0.0000000000000000        0.0000000000000000        0.0000000000000000        0.0000000000000000       -1.1292390374099544E-008  -3.7908934508999168E-006  -2.0849883125510237E-004  -4.4130410599599167E-003   0.0000000000000000        0.0000000000000000        0.0000000000000000        0.0000000000000000        0.0000000000000000        0.0000000000000000        0.0000000000000000        0.0000000000000000        0.0000000000000000        0.0000000000000000        0.0000000000000000        0.0000000000000000     
  -4.4129372157606173E-003  -8.4527434958426351E-002  -6.7515457958302605E-003  -8.4471014493539859E-002  -4.4129448319231487E-003  -2.0850542686011946E-004  -3.7913766634107868E-006  -1.1352228575143009E-008   0.0000000000000000        0.0000000000000000        0.0000000000000000        0.0000000000000000        0.0000000000000000        0.0000000000000000        0.0000000000000000        0.0000000000000000        0.0000000000000000       -1.1347503551831748E-008  -3.7911595836877936E-006  -2.0856678003382695E-004   0.0000000000000000        0.0000000000000000        0.0000000000000000        0.0000000000000000        0.0000000000000000        0.0000000000000000        0.0000000000000000        0.0000000000000000        0.0000000000000000        0.0000000000000000        0.0000000000000000        0.0000000000000000     
  -2.0850317526287389E-004  -4.4129894532443517E-003  -8.4471014493539859E-002  -6.7514853839308886E-003  -8.4523531355356660E-002  -4.4129696487779611E-003  -2.0855962713165713E-004  -3.7913391164520967E-006  -1.1363210856334072E-008   0.0000000000000000        0.0000000000000000        0.0000000000000000        0.0000000000000000        0.0000000000000000        0.0000000000000000        0.0000000000000000        0.0000000000000000        0.0000000000000000       -1.1328292902353471E-008  -3.7912100099305169E-006   0.0000000000000000        0.0000000000000000        0.0000000000000000        0.0000000000000000        0.0000000000000000        0.0000000000000000        0.0000000000000000        0.0000000000000000        0.0000000000000000        0.0000000000000000        0.0000000000000000        0.0000000000000000     
  -3.7913322924317012E-006  -2.0856167646836837E-004  -4.4129448319231487E-003  -8.4523531355356660E-002  -6.7510181492046462E-003  -8.4474091100096044E-002  -4.4129481241947741E-003  -2.0850712182883549E-004  -3.7913558043723100E-006  -1.1353238136764294E-008   0.0000000000000000        0.0000000000000000        0.0000000000000000        0.0000000000000000        0.0000000000000000        0.0000000000000000        0.0000000000000000        0.0000000000000000        0.0000000000000000       -1.1365342783751744E-008   0.0000000000000000        0.0000000000000000        0.0000000000000000        0.0000000000000000        0.0000000000000000        0.0000000000000000        0.0000000000000000        0.0000000000000000        0.0000000000000000        0.0000000000000000        0.0000000000000000        0.0000000000000000     
  -1.1341960626367402E-008  -3.7912388374843042E-006  -2.0850542686011946E-004  -4.4129696487779611E-003  -8.4474091100096044E-002  -6.7516010008216165E-003  -8.4521118322115812E-002  -4.4129653966081825E-003  -2.0855862755330226E-004  -3.7913735065778019E-006  -1.1365687838399273E-008   0.0000000000000000        0.0000000000000000        0.0000000000000000        0.0000000000000000        0.0000000000000000        0.0000000000000000        0.0000000000000000        0.0000000000000000        0.0000000000000000        0.0000000000000000        0.0000000000000000        0.0000000000000000        0.0000000000000000        0.0000000000000000        0.0000000000000000        0.0000000000000000        0.0000000000000000        0.0000000000000000        0.0000000000000000        0.0000000000000000        0.0000000000000000     
   0.0000000000000000       -1.1364567165802716E-008  -3.7913766634107868E-006  -2.0855962713165713E-004  -4.4129481241947741E-003  -8.4521118322115812E-002  -6.7520099871156702E-003  -8.4475034822868292E-002  -4.4129519284575053E-003  -2.0850755407617264E-004  -3.7912794608670314E-006  -1.1346569187799143E-008   0.0000000000000000        0.0000000000000000        0.0000000000000000        0.0000000000000000        0.0000000000000000        0.0000000000000000        0.0000000000000000        0.0000000000000000        0.0000000000000000        0.0000000000000000        0.0000000000000000        0.0000000000000000        0.0000000000000000        0.0000000000000000        0.0000000000000000        0.0000000000000000        0.0000000000000000        0.0000000000000000        0.0000000000000000        0.0000000000000000     
   0.0000000000000000        0.0000000000000000       -1.1352228575143009E-008  -3.7913391164520967E-006  -2.0850712182883549E-004  -4.4129653966081825E-003  -8.4475034822868292E-002  -6.7506753629692495E-003  -8.4521654287411790E-002  -4.4129631806122055E-003  -2.0855825777388182E-004  -3.7913716770760939E-006  -1.1371021015610473E-008   0.0000000000000000        0.0000000000000000        0.0000000000000000        0.0000000000000000        0.0000000000000000        0.0000000000000000        0.0000000000000000        0.0000000000000000        0.0000000000000000        0.0000000000000000        0.0000000000000000        0.0000000000000000        0.0000000000000000        0.0000000000000000        0.0000000000000000        0.0000000000000000        0.0000000000000000        0.0000000000000000        0.0000000000000000     
   0.0000000000000000        0.0000000000000000        0.0000000000000000       -1.1363210856334072E-008  -3.7913558043723100E-006  -2.0855862755330226E-004  -4.4129519284575053E-003  -8.4521654287411790E-002  -6.7519065700167987E-003  -8.4474019936383066E-002  -4.4129627804873669E-003  -2.0850764403592255E-004  -3.7913375887913702E-006  -1.1343037486425240E-008   0.0000000000000000        0.0000000000000000        0.0000000000000000        0.0000000000000000        0.0000000000000000        0.0000000000000000        0.0000000000000000        0.0000000000000000        0.0000000000000000        0.0000000000000000        0.0000000000000000        0.0000000000000000        0.0000000000000000        0.0000000000000000        0.0000000000000000        0.0000000000000000        0.0000000000000000        0.0000000000000000     
   0.0000000000000000        0.0000000000000000        0.0000000000000000        0.0000000000000000       -1.1353238136764294E-008  -3.7913735065778019E-006  -2.0850755407617264E-004  -4.4129631806122055E-003  -8.4474019936383066E-002  -6.7508549239279070E-003  -8.4523234802144798E-002  -4.4129532621419582E-003  -2.0855961192259249E-004  -3.7913507275725628E-006  -1.1369703153655757E-008   0.0000000000000000        0.0000000000000000        0.0000000000000000        0.0000000000000000        0.0000000000000000        0.0000000000000000        0.0000000000000000        0.0000000000000000        0.0000000000000000        0.0000000000000000        0.0000000000000000        0.0000000000000000        0.0000000000000000        0.0000000000000000        0.0000000000000000        0.0000000000000000        0.0000000000000000     
   0.0000000000000000        0.0000000000000000        0.0000000000000000        0.0000000000000000        0.0000000000000000       -1.1365687838399273E-008  -3.7912794608670314E-006  -2.0855825777388182E-004  -4.4129627804873669E-003  -8.4523234802144798E-002  -6.7517056611896553E-003  -8.4472203054614989E-002  -4.4129796552121979E-003  -2.0850603431529468E-004  -3.7913230486860198E-006  -1.1341414580278888E-008   0.0000000000000000        0.0000000000000000        0.0000000000000000        0.0000000000000000        0.0000000000000000        0.0000000000000000        0.0000000000000000        0.0000000000000000        0.0000000000000000        0.0000000000000000        0.0000000000000000        0.0000000000000000        0.0000000000000000        0.0000000000000000        0.0000000000000000        0.0000000000000000     
   0.0000000000000000        0.0000000000000000        0.0000000000000000        0.0000000000000000        0.0000000000000000        0.0000000000000000       -1.1346569187799143E-008  -3.7913716770760939E-006  -2.0850764403592255E-004  -4.4129532621419582E-003  -8.4472203054614989E-002  -6.7522003420732446E-003  -8.4524646539175796E-002  -4.4129353413919162E-003  -2.0856164064040093E-004  -3.7912432096128759E-006   0.0000000000000000        0.0000000000000000        0.0000000000000000        0.0000000000000000        0.0000000000000000        0.0000000000000000        0.0000000000000000        0.0000000000000000       -1.1359223106276116E-008   0.0000000000000000        0.0000000000000000        0.0000000000000000        0.0000000000000000        0.0000000000000000        0.0000000000000000        0.0000000000000000     
   0.0000000000000000        0.0000000000000000        0.0000000000000000        0.0000000000000000        0.0000000000000000        0.0000000000000000        0.0000000000000000       -1.1371021015610473E-008  -3.7913375887913702E-006  -2.0855961192259249E-004  -4.4129796552121979E-003  -8.4524646539175796E-002  -6.7502729137227657E-003  -8.4471004711453038E-002  -4.4129969271312769E-003  -2.0850255428924404E-004   0.0000000000000000        0.0000000000000000        0.0000000000000000        0.0000000000000000        0.0000000000000000        0.0000000000000000        0.0000000000000000        0.0000000000000000       -3.7912331540397136E-006  -1.1336831436441839E-008   0.0000000000000000        0.0000000000000000        0.0000000000000000        0.0000000000000000        0.0000000000000000        0.0000000000000000     
   0.0000000000000000        0.0000000000000000        0.0000000000000000        0.0000000000000000        0.0000000000000000        0.0000000000000000        0.0000000000000000        0.0000000000000000       -1.1343037486425240E-008  -3.7913507275725628E-006  -2.0850603431529468E-004  -4.4129353413919162E-003  -8.4471004711453038E-002  -6.7526482678593736E-003  -8.4526258042549790E-002  -4.4129259288680075E-003   0.0000000000000000        0.0000000000000000        0.0000000000000000        0.0000000000000000        0.0000000000000000        0.0000000000000000        0.0000000000000000        0.0000000000000000       -2.0856680057117276E-004  -3.7911601067161097E-006  -1.1339402979285226E-008   0.0000000000000000        0.0000000000000000        0.0000000000000000        0.0000000000000000        0.0000000000000000     
   0.0000000000000000        0.0000000000000000        0.0000000000000000        0.0000000000000000        0.0000000000000000        0.0000000000000000        0.0000000000000000        0.0000000000000000        0.0000000000000000       -1.1369703153655757E-008  -3.7913230486860198E-006  -2.0856164064040093E-004  -4.4129969271312769E-003  -8.4526258042549790E-002  -6.7508031097185395E-003  -8.4468507959790273E-002   0.0000000000000000        0.0000000000000000        0.0000000000000000        0.0000000000000000        0.0000000000000000        0.0000000000000000        0.0000000000000000        0.0000000000000000       -4.4130354378336227E-003  -2.0849825514777500E-004  -3.7908760197315641E-006  -1.1299226016261153E-008   0.0000000000000000        0.0000000000000000        0.0000000000000000        0.0000000000000000     
   0.0000000000000000        0.0000000000000000        0.0000000000000000        0.0000000000000000        0.0000000000000000        0.0000000000000000        0.0000000000000000        0.0000000000000000        0.0000000000000000        0.0000000000000000       -1.1341414580278888E-008  -3.7912432096128759E-006  -2.0850255428924404E-004  -4.4129259288680075E-003  -8.4468507959790273E-002  -6.7548818362885843E-003   0.0000000000000000        0.0000000000000000        0.0000000000000000        0.0000000000000000        0.0000000000000000        0.0000000000000000        0.0000000000000000        0.0000000000000000       -8.4530544473243999E-002  -4.4129524210752124E-003  -2.0857711856362354E-004  -3.7905412265866108E-006   0.0000000000000000        0.0000000000000000        0.0000000000000000        0.0000000000000000     
  -3.7904476869337587E-006  -1.1292390374099544E-008   0.0000000000000000        0.0000000000000000        0.0000000000000000        0.0000000000000000        0.0000000000000000        0.0000000000000000        0.0000000000000000        0.0000000000000000        0.0000000000000000        0.0000000000000000        0.0000000000000000        0.0000000000000000        0.0000000000000000        0.0000000000000000       -5.9271264944054250E-003  -8.4408135641797319E-002  -4.4085370721636055E-003  -2.0835831776189971E-004  -3.8039754560372303E-006  -2.0835831774494086E-004  -4.4085370720688176E-003  -8.4408135643384785E-002   0.0000000000000000        0.0000000000000000        0.0000000000000000        0.0000000000000000        0.0000000000000000        0.0000000000000000        0.0000000000000000        0.0000000000000000     
  -2.0857686539651693E-004  -3.7908934508999168E-006  -1.1347503551831748E-008   0.0000000000000000        0.0000000000000000        0.0000000000000000        0.0000000000000000        0.0000000000000000        0.0000000000000000        0.0000000000000000        0.0000000000000000        0.0000000000000000        0.0000000000000000        0.0000000000000000        0.0000000000000000        0.0000000000000000       -8.4408135641797319E-002  -5.9271554395308526E-003  -8.4408143602342250E-002  -4.4085368479709983E-003  -1.2748001487941505E-008  -3.8039828369484168E-006  -2.0835839559698503E-004  -4.4085372839790145E-003   0.0000000000000000        0.0000000000000000        0.0000000000000000        0.0000000000000000        0.0000000000000000        0.0000000000000000        0.0000000000000000        0.0000000000000000     
  -4.4129522102937715E-003  -2.0849883125510237E-004  -3.7911595836877936E-006  -1.1328292902353471E-008   0.0000000000000000        0.0000000000000000        0.0000000000000000        0.0000000000000000        0.0000000000000000        0.0000000000000000        0.0000000000000000        0.0000000000000000        0.0000000000000000        0.0000000000000000        0.0000000000000000        0.0000000000000000       -4.4085370721636055E-003  -8.4408143602342250E-002  -5.9271872534461187E-003  -8.4408143603937461E-002   0.0000000000000000       -1.2748987100243636E-008  -3.8039900777278921E-006  -2.0835839561426486E-004   0.0000000000000000        0.0000000000000000        0.0000000000000000        0.0000000000000000        0.0000000000000000        0.0000000000000000        0.0000000000000000        0.0000000000000000     
  -8.4532694643852269E-002  -4.4130410599599167E-003  -2.0856678003382695E-004  -3.7912100099305169E-006  -1.1365342783751744E-008   0.0000000000000000        0.0000000000000000        0.0000000000000000        0.0000000000000000        0.0000000000000000        0.0000000000000000        0.0000000000000000        0.0000000000000000        0.0000000000000000        0.0000000000000000        0.0000000000000000       -2.0835831776189971E-004  -4.4085368479709983E-003  -8.4408143603937461E-002  -5.9271554544838255E-003   0.0000000000000000        0.0000000000000000       -1.2748987313927202E-008  -3.8039828401637034E-006   0.0000000000000000        0.0000000000000000        0.0000000000000000        0.0000000000000000        0.0000000000000000        0.0000000000000000        0.0000000000000000        0.0000000000000000     
   0.0000000000000000        0.0000000000000000        0.0000000000000000        0.0000000000000000        0.0000000000000000        0.0000000000000000        0.0000000000000000        0.0000000000000000        0.0000000000000000        0.0000000000000000        0.0000000000000000        0.0000000000000000        0.0000000000000000        0.0000000000000000        0.0000000000000000        0.0000000000000000       -3.8039754560372303E-006  -1.2748001487941505E-008   0.0000000000000000        0.0000000000000000       -5.9271264944054250E-003  -8.4408135641797319E-002  -4.4085370721636055E-003  -2.0835831776189971E-004   0.0000000000000000        0.0000000000000000        0.0000000000000000        0.0000000000000000        0.0000000000000000        0.0000000000000000        0.0000000000000000        0.0000000000000000     
   0.0000000000000000        0.0000000000000000        0.0000000000000000        0.0000000000000000        0.0000000000000000        0.0000000000000000        0.0000000000000000        0.0000000000000000        0.0000000000000000        0.0000000000000000        0.0000000000000000        0.0000000000000000        0.0000000000000000        0.0000000000000000        0.0000000000000000        0.0000000000000000       -2.0835831774494086E-004  -3.8039828369484168E-006  -1.2748987100243636E-008   0.0000000000000000       -8.4408135641797319E-002  -5.9271554395308526E-003  -8.4408143602342250E-002  -4.4085368479709983E-003   0.0000000000000000        0.0000000000000000        0.0000000000000000        0.0000000000000000        0.0000000000000000        0.0000000000000000        0.0000000000000000        0.0000000000000000     
   0.0000000000000000        0.0000000000000000        0.0000000000000000        0.0000000000000000        0.0000000000000000        0.0000000000000000        0.0000000000000000        0.0000000000000000        0.0000000000000000        0.0000000000000000        0.0000000000000000        0.0000000000000000        0.0000000000000000        0.0000000000000000        0.0000000000000000        0.0000000000000000       -4.4085370720688176E-003  -2.0835839559698503E-004  -3.8039900777278921E-006  -1.2748987313927202E-008  -4.4085370721636055E-003  -8.4408143602342250E-002  -5.9271872534461187E-003  -8.4408143603937461E-002   0.0000000000000000        0.0000000000000000        0.0000000000000000        0.0000000000000000        0.0000000000000000        0.0000000000000000        0.0000000000000000        0.0000000000000000     
   0.0000000000000000        0.0000000000000000        0.0000000000000000        0.0000000000000000        0.0000000000000000        0.0000000000000000        0.0000000000000000        0.0000000000000000        0.0000000000000000        0.0000000000000000        0.0000000000000000        0.0000000000000000        0.0000000000000000        0.0000000000000000        0.0000000000000000        0.0000000000000000       -8.4408135643384785E-002  -4.4085372839790145E-003  -2.0835839561426486E-004  -3.8039828401637034E-006  -2.0835831776189971E-004  -4.4085368479709983E-003  -8.4408143603937461E-002  -5.9271554544838255E-003   0.0000000000000000        0.0000000000000000        0.0000000000000000        0.0000000000000000        0.0000000000000000        0.0000000000000000        0.0000000000000000        0.0000000000000000     
   0.0000000000000000        0.0000000000000000        0.0000000000000000        0.0000000000000000        0.0000000000000000        0.0000000000000000        0.0000000000000000        0.0000000000000000        0.0000000000000000        0.0000000000000000        0.0000000000000000       -1.1359223106276116E-008  -3.7912331540397136E-006  -2.0856680057117276E-004  -4.4130354378336227E-003  -8.4530544473243999E-002   0.0000000000000000        0.0000000000000000        0.0000000000000000        0.0000000000000000        0.0000000000000000        0.0000000000000000        0.0000000000000000        0.0000000000000000       -5.9271594095507869E-003  -8.4408139421541767E-002  -4.4085370691046843E-003  -2.0835835728583336E-004  -3.8039829249822882E-006  -1.2748491704647771E-008   0.0000000000000000        0.0000000000000000     
   0.0000000000000000        0.0000000000000000        0.0000000000000000        0.0000000000000000        0.0000000000000000        0.0000000000000000        0.0000000000000000        0.0000000000000000        0.0000000000000000        0.0000000000000000        0.0000000000000000        0.0000000000000000       -1.1336831436441839E-008  -3.7911601067161097E-006  -2.0849825514777500E-004  -4.4129524210752124E-003   0.0000000000000000        0.0000000000000000        0.0000000000000000        0.0000000000000000        0.0000000000000000        0.0000000000000000        0.0000000000000000        0.0000000000000000       -8.4408139421541767E-002  -5.9271563943781198E-003  -8.4408139824123665E-002  -4.4085370669995592E-003  -2.0835835728506317E-004  -3.8039827901167876E-006  -1.2748496754946998E-008   0.0000000000000000     
   0.0000000000000000        0.0000000000000000        0.0000000000000000        0.0000000000000000        0.0000000000000000        0.0000000000000000        0.0000000000000000        0.0000000000000000        0.0000000000000000        0.0000000000000000        0.0000000000000000        0.0000000000000000        0.0000000000000000       -1.1339402979285226E-008  -3.7908760197315641E-006  -2.0857711856362354E-004   0.0000000000000000        0.0000000000000000        0.0000000000000000        0.0000000000000000        0.0000000000000000        0.0000000000000000        0.0000000000000000        0.0000000000000000       -4.4085370691046843E-003  -8.4408139824123665E-002  -5.9271524363624806E-003  -8.4408139824734038E-002  -4.4085370691128931E-003  -2.0835835608034171E-004  -3.8039826997764543E-006  -1.2748496772718576E-008
   0.0000000000000000        0.0000000000000000        0.0000000000000000        0.0000000000000000        0.0000000000000000        0.0000000000000000        0.0000000000000000        0.0000000000000000        0.0000000000000000        0.0000000000000000        0.0000000000000000        0.0000000000000000        0.0000000000000000        0.0000000000000000       -1.1299226016261153E-008  -3.7905412265866108E-006   0.0000000000000000        0.0000000000000000        0.0000000000000000        0.0000000000000000        0.0000000000000000        0.0000000000000000        0.0000000000000000        0.0000000000000000       -2.0835835728583336E-004  -4.4085370669995592E-003  -8.4408139824734038E-002  -5.9271564039639667E-003  -8.4408139422103248E-002  -4.4085370712216377E-003  -2.0835835608159573E-004  -3.8039827903092131E-006
   0.0000000000000000        0.0000000000000000        0.0000000000000000        0.0000000000000000        0.0000000000000000        0.0000000000000000        0.0000000000000000        0.0000000000000000        0.0000000000000000        0.0000000000000000        0.0000000000000000        0.0000000000000000        0.0000000000000000        0.0000000000000000        0.0000000000000000        0.0000000000000000        0.0000000000000000        0.0000000000000000        0.0000000000000000        0.0000000000000000        0.0000000000000000        0.0000000000000000        0.0000000000000000        0.0000000000000000       -3.8039829249822882E-006  -2.0835835728506317E-004  -4.4085370691128931E-003  -8.4408139422103248E-002  -5.9271594095507869E-003  -8.4408139421541767E-002  -4.4085370691046843E-003  -2.0835835728583336E-004
   0.0000000000000000        0.0000000000000000        0.0000000000000000        0.0000000000000000        0.0000000000000000        0.0000000000000000        0.0000000000000000        0.0000000000000000        0.0000000000000000        0.0000000000000000        0.0000000000000000        0.0000000000000000        0.0000000000000000        0.0000000000000000        0.0000000000000000        0.0000000000000000        0.0000000000000000        0.0000000000000000        0.0000000000000000        0.0000000000000000        0.0000000000000000        0.0000000000000000        0.0000000000000000        0.0000000000000000       -1.2748491704647771E-008  -3.8039827901167876E-006  -2.0835835608034171E-004  -4.4085370712216377E-003  -8.4408139421541767E-002  -5.9271563943781198E-003  -8.4408139824123665E-002  -4.4085370669995592E-003
   0.0000000000000000        0.0000000000000000        0.0000000000000000        0.0000000000000000        0.0000000000000000        0.0000000000000000        0.0000000000000000        0.0000000000000000        0.0000000000000000        0.0000000000000000        0.0000000000000000        0.0000000000000000        0.0000000000000000        0.0000000000000000        0.0000000000000000        0.0000000000000000        0.0000000000000000        0.0000000000000000        0.0000000000000000        0.0000000000000000        0.0000000000000000        0.0000000000000000        0.0000000000000000        0.0000000000000000        0.0000000000000000       -1.2748496754946998E-008  -3.8039826997764543E-006  -2.0835835608159573E-004  -4.4085370691046843E-003  -8.4408139824123665E-002  -5.9271524363624806E-003  -8.4408139824734038E-002
   0.0000000000000000        0.0000000000000000        0.0000000000000000        0.0000000000000000        0.0000000000000000        0.0000000000000000        0.0000000000000000        0.0000000000000000        0.0000000000000000        0.0000000000000000        0.0000000000000000        0.0000000000000000        0.0000000000000000        0.0000000000000000        0.0000000000000000        0.0000000000000000        0.0000000000000000        0.0000000000000000        0.0000000000000000        0.0000000000000000        0.0000000000000000        0.0000000000000000        0.0000000000000000        0.0000000000000000        0.0000000000000000        0.0000000000000000       -1.2748496772718576E-008  -3.8039827903092131E-006  -2.0835835728583336E-004  -4.4085370669995592E-003  -8.4408139824734038E-002  -5.9271564039639667E-003
