  -3.1345374482887212E-002  -9.7443021474544922E-002  -6.6399268730968535E-003  -3.5446164225587037E-004   8.1495266086704139E-007   5.1266476963129278E-007   0.0000000000000000        0.0000000000000000        0.0000000000000000        0.0000000000000000        0.0000000000000000        0.0000000000000000        0.0000000000000000        0.0000000000000000        0.0000000000000000        0.0000000000000000        8.1958774594890970E-007  -3.5449586498074233E-004  -6.6408021725481905E-003  -9.7455645326711832E-002   0.0000000000000000        0.0000000000000000        0.0000000000000000        0.0000000000000000        0.0000000000000000        0.0000000000000000        0.0000000000000000        0.0000000000000000        0.0000000000000000        0.0000000000000000        0.0000000000000000        0.0000000000000000     
  -9.7443021474544922E-002  -3.1264394767235748E-002  -9.7438645278703551E-002  -6.6396492278057492E-003  -3.5445592608646169E-004   8.1373211430926450E-007   5.1261240535944073E-007   0.0000000000000000        0.0000000000000000        0.0000000000000000        0.0000000000000000        0.0000000000000000        0.0000000000000000        0.0000000000000000        0.0000000000000000        0.0000000000000000        5.1312881513753711E-007   8.1929440912507085E-007  -3.5449966423668267E-004  -6.6408216468753344E-003   0.0000000000000000        0.0000000000000000        0.0000000000000000        0.0000000000000000        0.0000000000000000        0.0000000000000000        0.0000000000000000        0.0000000000000000        0.0000000000000000        0.0000000000000000        0.0000000000000000        0.0000000000000000     
  -6.6399268730968535E-003  -9.7438645278703551E-002  -3.1258535697083589E-002  -9.7436747827515796E-002  -6.6396098565695543E-003  -3.5445637569112037E-004   8.1306221240153145E-007   5.1257463098916238E-007   0.0000000000000000        0.0000000000000000        0.0000000000000000        0.0000000000000000        0.0000000000000000        0.0000000000000000        0.0000000000000000        0.0000000000000000        0.0000000000000000        5.1311054577370757E-007   8.1937628752731814E-007  -3.5449482444869802E-004   0.0000000000000000        0.0000000000000000        0.0000000000000000        0.0000000000000000        0.0000000000000000        0.0000000000000000        0.0000000000000000        0.0000000000000000        0.0000000000000000        0.0000000000000000        0.0000000000000000        0.0000000000000000     
  -3.5446164225587037E-004  -6.6396492278057492E-003  -9.7436747827515796E-002  -3.1252394939205619E-002  -9.7435648724482044E-002  -6.6395673820258145E-003  -3.5445922543899229E-004   8.1297540787225084E-007   5.1259614834591002E-007   0.0000000000000000        0.0000000000000000        0.0000000000000000        0.0000000000000000        0.0000000000000000        0.0000000000000000        0.0000000000000000        0.0000000000000000        0.0000000000000000        5.1313804156704530E-007   8.1937602259966734E-007   0.0000000000000000        0.0000000000000000        0.0000000000000000        0.0000000000000000        0.0000000000000000        0.0000000000000000        0.0000000000000000        0.0000000000000000        0.0000000000000000        0.0000000000000000        0.0000000000000000        0.0000000000000000     
   8.1495266086704139E-007  -3.5445592608646169E-004  -6.6396098565695543E-003  -9.7435648724482044E-002  -3.1252204004160289E-002  -9.7437459678500454E-002  -6.6395773188041903E-003  -3.5445447529550356E-004   8.1293551686298974E-007   5.1256394811725165E-007   0.0000000000000000        0.0000000000000000        0.0000000000000000        0.0000000000000000        0.0000000000000000        0.0000000000000000        0.0000000000000000        0.0000000000000000        0.0000000000000000        5.1311054906115477E-007   0.0000000000000000        0.0000000000000000        0.0000000000000000        0.0000000000000000        0.0000000000000000        0.0000000000000000        0.0000000000000000        0.0000000000000000        0.0000000000000000        0.0000000000000000        0.0000000000000000        0.0000000000000000     
   5.1266476963129278E-007   8.1373211430926450E-007  -3.5445637569112037E-004  -6.6395673820258145E-003  -9.7437459678500454E-002  -3.1250335140871943E-002  -9.7434601266173898E-002  -6.6395650676084675E-003  -3.5445871634954195E-004   8.1281146872443823E-007   5.1258200539697991E-007   0.0000000000000000        0.0000000000000000        0.0000000000000000        0.0000000000000000        0.0000000000000000        0.0000000000000000        0.0000000000000000        0.0000000000000000        0.0000000000000000        0.0000000000000000        0.0000000000000000        0.0000000000000000        0.0000000000000000        0.0000000000000000        0.0000000000000000        0.0000000000000000        0.0000000000000000        0.0000000000000000        0.0000000000000000        0.0000000000000000        0.0000000000000000     
   0.0000000000000000        5.1261240535944073E-007   8.1306221240153145E-007  -3.5445922543899229E-004  -6.6395773188041903E-003  -9.7434601266173898E-002  -3.1251176394620495E-002  -9.7437152840696886E-002  -6.6395435400085495E-003  -3.5445516917548969E-004   8.1311198951928633E-007   5.1258182370572456E-007   0.0000000000000000        0.0000000000000000        0.0000000000000000        0.0000000000000000        0.0000000000000000        0.0000000000000000        0.0000000000000000        0.0000000000000000        0.0000000000000000        0.0000000000000000        0.0000000000000000        0.0000000000000000        0.0000000000000000        0.0000000000000000        0.0000000000000000        0.0000000000000000        0.0000000000000000        0.0000000000000000        0.0000000000000000        0.0000000000000000     
   0.0000000000000000        0.0000000000000000        5.1257463098916238E-007   8.1297540787225084E-007  -3.5445447529550356E-004  -6.6395650676084675E-003  -9.7437152840696886E-002  -3.1248829085752328E-002  -9.7435254588206260E-002  -6.6395519664415072E-003  -3.5445492646375568E-004   8.1283482928791508E-007   5.1256747360008508E-007   0.0000000000000000        0.0000000000000000        0.0000000000000000        0.0000000000000000        0.0000000000000000        0.0000000000000000        0.0000000000000000        0.0000000000000000        0.0000000000000000        0.0000000000000000        0.0000000000000000        0.0000000000000000        0.0000000000000000        0.0000000000000000        0.0000000000000000        0.0000000000000000        0.0000000000000000        0.0000000000000000        0.0000000000000000     
   0.0000000000000000        0.0000000000000000        0.0000000000000000        5.1259614834591002E-007   8.1293551686298974E-007  -3.5445871634954195E-004  -6.6395435400085495E-003  -9.7435254588206260E-002  -3.1251024092507573E-002  -9.7435586108155212E-002  -6.6395461003844383E-003  -3.5445918304275245E-004   8.1297043700733478E-007   5.1260046235570837E-007   0.0000000000000000        0.0000000000000000        0.0000000000000000        0.0000000000000000        0.0000000000000000        0.0000000000000000        0.0000000000000000        0.0000000000000000        0.0000000000000000        0.0000000000000000        0.0000000000000000        0.0000000000000000        0.0000000000000000        0.0000000000000000        0.0000000000000000        0.0000000000000000        0.0000000000000000        0.0000000000000000     
   0.0000000000000000        0.0000000000000000        0.0000000000000000        0.0000000000000000        5.1256394811725165E-007   8.1281146872443823E-007  -3.5445516917548969E-004  -6.6395519664415072E-003  -9.7435586108155212E-002  -3.1249421615275330E-002  -9.7436903668590535E-002  -6.6395730771209348E-003  -3.5445441717171794E-004   8.1309241208593371E-007   5.1258925324474260E-007   0.0000000000000000        0.0000000000000000        0.0000000000000000        0.0000000000000000        0.0000000000000000        0.0000000000000000        0.0000000000000000        0.0000000000000000        0.0000000000000000        0.0000000000000000        0.0000000000000000        0.0000000000000000        0.0000000000000000        0.0000000000000000        0.0000000000000000        0.0000000000000000        0.0000000000000000     
   0.0000000000000000        0.0000000000000000        0.0000000000000000        0.0000000000000000        0.0000000000000000        5.1258200539697991E-007   8.1311198951928633E-007  -3.5445492646375568E-004  -6.6395461003844383E-003  -9.7436903668590535E-002  -3.1250847234262857E-002  -9.7435052299441396E-002  -6.6395855518227975E-003  -3.5445987874434162E-004   8.1336046206615831E-007   5.1265197139316318E-007   0.0000000000000000        0.0000000000000000        0.0000000000000000        0.0000000000000000        0.0000000000000000        0.0000000000000000        0.0000000000000000        0.0000000000000000        0.0000000000000000        0.0000000000000000        0.0000000000000000        0.0000000000000000        0.0000000000000000        0.0000000000000000        0.0000000000000000        0.0000000000000000     
   0.0000000000000000        0.0000000000000000        0.0000000000000000        0.0000000000000000        0.0000000000000000        0.0000000000000000        5.1258182370572456E-007   8.1283482928791508E-007  -3.5445918304275245E-004  -6.6395730771209348E-003  -9.7435052299441396E-002  -3.1252320341940476E-002  -9.7437274473023250E-002  -6.6395895920890666E-003  -3.5445607863599182E-004   8.1485529726969430E-007   0.0000000000000000        0.0000000000000000        0.0000000000000000        0.0000000000000000        0.0000000000000000        0.0000000000000000        0.0000000000000000        0.0000000000000000        5.1312884512010825E-007   0.0000000000000000        0.0000000000000000        0.0000000000000000        0.0000000000000000        0.0000000000000000        0.0000000000000000        0.0000000000000000     
   0.0000000000000000        0.0000000000000000        0.0000000000000000        0.0000000000000000        0.0000000000000000        0.0000000000000000        0.0000000000000000        5.1256747360008508E-007   8.1297043700733478E-007  -3.5445441717171794E-004  -6.6395855518227975E-003  -9.7437274473023250E-002  -3.1251424158159402E-002  -9.7436399374621702E-002  -6.6396495108367835E-003  -3.5445743026076172E-004   0.0000000000000000        0.0000000000000000        0.0000000000000000        0.0000000000000000        0.0000000000000000        0.0000000000000000        0.0000000000000000        0.0000000000000000        8.1929424112955200E-007   5.1311056454952734E-007   0.0000000000000000        0.0000000000000000        0.0000000000000000        0.0000000000000000        0.0000000000000000        0.0000000000000000     
   0.0000000000000000        0.0000000000000000        0.0000000000000000        0.0000000000000000        0.0000000000000000        0.0000000000000000        0.0000000000000000        0.0000000000000000        5.1260046235570837E-007   8.1309241208593371E-007  -3.5445987874434162E-004  -6.6395895920890666E-003  -9.7436399374621702E-002  -3.1257797482589944E-002  -9.7437159859215652E-002  -6.6398445932690873E-003   0.0000000000000000        0.0000000000000000        0.0000000000000000        0.0000000000000000        0.0000000000000000        0.0000000000000000        0.0000000000000000        0.0000000000000000       -3.5449966874750213E-004   8.1937610652850989E-007   5.1313805379125983E-007   0.0000000000000000        0.0000000000000000        0.0000000000000000        0.0000000000000000        0.0000000000000000     
   0.0000000000000000        0.0000000000000000        0.0000000000000000        0.0000000000000000        0.0000000000000000        0.0000000000000000        0.0000000000000000        0.0000000000000000        0.0000000000000000        5.1258925324474260E-007   8.1336046206615831E-007  -3.5445607863599182E-004  -6.6396495108367835E-003  -9.7437159859215652E-002  -3.1263169403921931E-002  -9.7443590383867351E-002   0.0000000000000000        0.0000000000000000        0.0000000000000000        0.0000000000000000        0.0000000000000000        0.0000000000000000        0.0000000000000000        0.0000000000000000       -6.6408216952005498E-003  -3.5449482523646110E-004   8.1937632372005215E-007   5.1311055341228817E-007   0.0000000000000000        0.0000000000000000        0.0000000000000000        0.0000000000000000     
   0.0000000000000000        0.0000000000000000        0.0000000000000000        0.0000000000000000        0.0000000000000000        0.0000000000000000        0.0000000000000000        0.0000000000000000        0.0000000000000000        0.0000000000000000        5.1265197139316318E-007   8.1485529726969430E-007  -3.5445743026076172E-004  -6.6398445932690873E-003  -9.7443590383867351E-002  -3.1325416591841737E-002   0.0000000000000000        0.0000000000000000        0.0000000000000000        0.0000000000000000        0.0000000000000000        0.0000000000000000        0.0000000000000000        0.0000000000000000       -9.7453388826824777E-002  -6.6408216798086580E-003  -3.5449966461980454E-004   8.1929438897373670E-007   0.0000000000000000        0.0000000000000000        0.0000000000000000        0.0000000000000000     
   8.1958774594890970E-007   5.1312881513753711E-007   0.0000000000000000        0.0000000000000000        0.0000000000000000        0.0000000000000000        0.0000000000000000        0.0000000000000000        0.0000000000000000        0.0000000000000000        0.0000000000000000        0.0000000000000000        0.0000000000000000        0.0000000000000000        0.0000000000000000        0.0000000000000000       -3.1461774418711501E-002  -9.7464917068117982E-002  -6.6412197829547291E-003  -3.5450698997783916E-004   8.2073785554518760E-007  -3.5450698998768123E-004   0.0000000000000000       -9.7464917072373730E-002   0.0000000000000000        0.0000000000000000        0.0000000000000000        0.0000000000000000        0.0000000000000000        0.0000000000000000        0.0000000000000000        0.0000000000000000     
  -3.5449586498074233E-004   8.1929440912507085E-007   5.1311054577370757E-007   0.0000000000000000        0.0000000000000000        0.0000000000000000        0.0000000000000000        0.0000000000000000        0.0000000000000000        0.0000000000000000        0.0000000000000000        0.0000000000000000        0.0000000000000000        0.0000000000000000        0.0000000000000000        0.0000000000000000       -9.7464917068117982E-002  -3.1461796919229179E-002  -9.7464924810374526E-002  -6.6412195691088983E-003   5.1318028246048603E-007   8.2073979744212333E-007  -3.5450697152927054E-004   0.0000000000000000        0.0000000000000000        0.0000000000000000        0.0000000000000000        0.0000000000000000        0.0000000000000000        0.0000000000000000        0.0000000000000000        0.0000000000000000     
  -6.6408021725481905E-003  -3.5449966423668267E-004   8.1937628752731814E-007   5.1313804156704530E-007   0.0000000000000000        0.0000000000000000        0.0000000000000000        0.0000000000000000        0.0000000000000000        0.0000000000000000        0.0000000000000000        0.0000000000000000        0.0000000000000000        0.0000000000000000        0.0000000000000000        0.0000000000000000       -6.6412197829547291E-003  -9.7464924810374526E-002  -3.1461866008045576E-002  -9.7464924814608278E-002  -6.6412197827346968E-003   5.1318036560632974E-007   8.2074200851582216E-007  -3.5450697151966413E-004   0.0000000000000000        0.0000000000000000        0.0000000000000000        0.0000000000000000        0.0000000000000000        0.0000000000000000        0.0000000000000000        0.0000000000000000     
  -9.7455645326711832E-002  -6.6408216468753344E-003  -3.5449482444869802E-004   8.1937602259966734E-007   5.1311054906115477E-007   0.0000000000000000        0.0000000000000000        0.0000000000000000        0.0000000000000000        0.0000000000000000        0.0000000000000000        0.0000000000000000        0.0000000000000000        0.0000000000000000        0.0000000000000000        0.0000000000000000       -3.5450698997783916E-004  -6.6412195691088983E-003  -9.7464924814608278E-002  -3.1461796970983683E-002   0.0000000000000000       -6.6412199412945391E-003   5.1318036565546591E-007   8.2073979952592709E-007   0.0000000000000000        0.0000000000000000        0.0000000000000000        0.0000000000000000        0.0000000000000000        0.0000000000000000        0.0000000000000000        0.0000000000000000     
   0.0000000000000000        0.0000000000000000        0.0000000000000000        0.0000000000000000        0.0000000000000000        0.0000000000000000        0.0000000000000000        0.0000000000000000        0.0000000000000000        0.0000000000000000        0.0000000000000000        0.0000000000000000        0.0000000000000000        0.0000000000000000        0.0000000000000000        0.0000000000000000        8.2073785554518760E-007   5.1318028246048603E-007  -6.6412197827346968E-003   0.0000000000000000       -3.1461774418711501E-002  -9.7464917068117982E-002  -6.6412197829547291E-003  -3.5450698997783916E-004   0.0000000000000000        0.0000000000000000        0.0000000000000000        0.0000000000000000        0.0000000000000000        0.0000000000000000        0.0000000000000000        0.0000000000000000     
   0.0000000000000000        0.0000000000000000        0.0000000000000000        0.0000000000000000        0.0000000000000000        0.0000000000000000        0.0000000000000000        0.0000000000000000        0.0000000000000000        0.0000000000000000        0.0000000000000000        0.0000000000000000        0.0000000000000000        0.0000000000000000        0.0000000000000000        0.0000000000000000       -3.5450698998768123E-004   8.2073979744212333E-007   5.1318036560632974E-007  -6.6412199412945391E-003  -9.7464917068117982E-002  -3.1461796919229179E-002  -9.7464924810374526E-002  -6.6412195691088983E-003   0.0000000000000000        0.0000000000000000        0.0000000000000000        0.0000000000000000        0.0000000000000000        0.0000000000000000        0.0000000000000000        0.0000000000000000     
   0.0000000000000000        0.0000000000000000        0.0000000000000000        0.0000000000000000        0.0000000000000000        0.0000000000000000        0.0000000000000000        0.0000000000000000        0.0000000000000000        0.0000000000000000        0.0000000000000000        0.0000000000000000        0.0000000000000000        0.0000000000000000        0.0000000000000000        0.0000000000000000        0.0000000000000000       -3.5450697152927054E-004   8.2074200851582216E-007   5.1318036565546591E-007  -6.6412197829547291E-003  -9.7464924810374526E-002  -3.1461866008045576E-002  -9.7464924814608278E-002   0.0000000000000000        0.0000000000000000        0.0000000000000000        0.0000000000000000        0.0000000000000000        0.0000000000000000        0.0000000000000000        0.0000000000000000     
   0.0000000000000000        0.0000000000000000        0.0000000000000000        0.0000000000000000        0.0000000000000000        0.0000000000000000        0.0000000000000000        0.0000000000000000        0.0000000000000000        0.0000000000000000        0.0000000000000000        0.0000000000000000        0.0000000000000000        0.0000000000000000        0.0000000000000000        0.0000000000000000       -9.7464917072373730E-002   0.0000000000000000       -3.5450697151966413E-004   8.2073979952592709E-007  -3.5450698997783916E-004  -6.6412195691088983E-003  -9.7464924814608278E-002  -3.1461796970983683E-002   0.0000000000000000        0.0000000000000000        0.0000000000000000        0.0000000000000000        0.0000000000000000        0.0000000000000000        0.0000000000000000        0.0000000000000000     
   0.0000000000000000        0.0000000000000000        0.0000000000000000        0.0000000000000000        0.0000000000000000        0.0000000000000000        0.0000000000000000        0.0000000000000000        0.0000000000000000        0.0000000000000000        0.0000000000000000        5.1312884512010825E-007   8.1929424112955200E-007  -3.5449966874750213E-004  -6.6408216952005498E-003  -9.7453388826824777E-002   0.0000000000000000        0.0000000000000000        0.0000000000000000        0.0000000000000000        0.0000000000000000        0.0000000000000000        0.0000000000000000        0.0000000000000000       -3.1461774406519191E-002  -9.7464917066943449E-002  -6.6412197827373570E-003  -3.5450698998086924E-004   8.2073785493993142E-007   5.1318028244604094E-007   0.0000000000000000        0.0000000000000000     
   0.0000000000000000        0.0000000000000000        0.0000000000000000        0.0000000000000000        0.0000000000000000        0.0000000000000000        0.0000000000000000        0.0000000000000000        0.0000000000000000        0.0000000000000000        0.0000000000000000        0.0000000000000000        5.1311056454952734E-007   8.1937610652850989E-007  -3.5449482523646110E-004  -6.6408216798086580E-003   0.0000000000000000        0.0000000000000000        0.0000000000000000        0.0000000000000000        0.0000000000000000        0.0000000000000000        0.0000000000000000        0.0000000000000000       -9.7464917066943449E-002  -3.1461796917063779E-002  -9.7464924811551640E-002  -6.6412199413550558E-003  -3.5450698999057014E-004   8.2073979742906547E-007   5.1318036562078584E-007   0.0000000000000000     
   0.0000000000000000        0.0000000000000000        0.0000000000000000        0.0000000000000000        0.0000000000000000        0.0000000000000000        0.0000000000000000        0.0000000000000000        0.0000000000000000        0.0000000000000000        0.0000000000000000        0.0000000000000000        0.0000000000000000        5.1313805379125983E-007   8.1937632372005215E-007  -3.5449966461980454E-004   0.0000000000000000        0.0000000000000000        0.0000000000000000        0.0000000000000000        0.0000000000000000        0.0000000000000000        0.0000000000000000        0.0000000000000000       -6.6412197827373570E-003  -9.7464924811551640E-002  -3.1461866024584867E-002  -9.7464924815844678E-002  -6.6412197829571213E-003  -3.5450697152637111E-004   8.2074200914779948E-007   5.1318036567191645E-007
   0.0000000000000000        0.0000000000000000        0.0000000000000000        0.0000000000000000        0.0000000000000000        0.0000000000000000        0.0000000000000000        0.0000000000000000        0.0000000000000000        0.0000000000000000        0.0000000000000000        0.0000000000000000        0.0000000000000000        0.0000000000000000        5.1311055341228817E-007   8.1929438897373670E-007   0.0000000000000000        0.0000000000000000        0.0000000000000000        0.0000000000000000        0.0000000000000000        0.0000000000000000        0.0000000000000000        0.0000000000000000       -3.5450698998086924E-004  -6.6412199413550558E-003  -9.7464924815844678E-002  -3.1461796968801414E-002  -9.7464917071134652E-002  -6.6412195690433292E-003  -3.5450697151664365E-004   8.2073979951225650E-007
   0.0000000000000000        0.0000000000000000        0.0000000000000000        0.0000000000000000        0.0000000000000000        0.0000000000000000        0.0000000000000000        0.0000000000000000        0.0000000000000000        0.0000000000000000        0.0000000000000000        0.0000000000000000        0.0000000000000000        0.0000000000000000        0.0000000000000000        0.0000000000000000        0.0000000000000000        0.0000000000000000        0.0000000000000000        0.0000000000000000        0.0000000000000000        0.0000000000000000        0.0000000000000000        0.0000000000000000        8.2073785493993142E-007  -3.5450698999057014E-004  -6.6412197829571213E-003  -9.7464917071134652E-002  -3.1461774406519191E-002  -9.7464917066943449E-002  -6.6412197827373570E-003  -3.5450698998086924E-004
   0.0000000000000000        0.0000000000000000        0.0000000000000000        0.0000000000000000        0.0000000000000000        0.0000000000000000        0.0000000000000000        0.0000000000000000        0.0000000000000000        0.0000000000000000        0.0000000000000000        0.0000000000000000        0.0000000000000000        0.0000000000000000        0.0000000000000000        0.0000000000000000        0.0000000000000000        0.0000000000000000        0.0000000000000000        0.0000000000000000        0.0000000000000000        0.0000000000000000        0.0000000000000000        0.0000000000000000        5.1318028244604094E-007   8.2073979742906547E-007  -3.5450697152637111E-004  -6.6412195690433292E-003  -9.7464917066943449E-002  -3.1461796917063779E-002  -9.7464924811551640E-002  -6.6412199413550558E-003
   0.0000000000000000        0.0000000000000000        0.0000000000000000        0.0000000000000000        0.0000000000000000        0.0000000000000000        0.0000000000000000        0.0000000000000000        0.0000000000000000        0.0000000000000000        0.0000000000000000        0.0000000000000000        0.0000000000000000        0.0000000000000000        0.0000000000000000        0.0000000000000000        0.0000000000000000        0.0000000000000000        0.0000000000000000        0.0000000000000000        0.0000000000000000        0.0000000000000000        0.0000000000000000        0.0000000000000000        0.0000000000000000        5.1318036562078584E-007   8.2074200914779948E-007  -3.5450697151664365E-004  -6.6412197827373570E-003  -9.7464924811551640E-002  -3.1461866024584867E-002  -9.7464924815844678E-002
   0.0000000000000000        0.0000000000000000        0.0000000000000000        0.0000000000000000        0.0000000000000000        0.0000000000000000        0.0000000000000000        0.0000000000000000        0.0000000000000000        0.0000000000000000        0.0000000000000000        0.0000000000000000        0.0000000000000000        0.0000000000000000        0.0000000000000000        0.0000000000000000        0.0000000000000000        0.0000000000000000        0.0000000000000000        0.0000000000000000        0.0000000000000000        0.0000000000000000        0.0000000000000000        0.0000000000000000        0.0000000000000000        0.0000000000000000        5.1318036567191645E-007   8.2073979951225650E-007  -3.5450698998086924E-004  -6.6412199413550558E-003  -9.7464924815844678E-002  -3.1461796968801414E-002
