   1.0010359440305052       0.12921306565986843        6.0624617446118417E-003   2.1864935196726218E-004  -1.1280422485887126E-005  -8.6914902835378421E-007   0.0000000000000000        0.0000000000000000        0.0000000000000000        0.0000000000000000        0.0000000000000000        0.0000000000000000        0.0000000000000000        0.0000000000000000        0.0000000000000000        0.0000000000000000       -1.1280422485887191E-005   2.1864935196725879E-004   6.0624617446118651E-003  0.12921306565986843        0.0000000000000000        0.0000000000000000        0.0000000000000000        0.0000000000000000        0.0000000000000000        0.0000000000000000        0.0000000000000000        0.0000000000000000        0.0000000000000000        0.0000000000000000        0.0000000000000000        0.0000000000000000     
  0.12921306565986843        1.0010359440305052       0.12921306565986843        6.0624617446119232E-003   2.1864935196726218E-004  -1.1280422485887126E-005  -8.6914902835378421E-007   0.0000000000000000        0.0000000000000000        0.0000000000000000        0.0000000000000000        0.0000000000000000        0.0000000000000000        0.0000000000000000        0.0000000000000000        0.0000000000000000       -8.6914902835378114E-007  -1.1280422485887191E-005   2.1864935196725765E-004   6.0624617446118417E-003   0.0000000000000000        0.0000000000000000        0.0000000000000000        0.0000000000000000        0.0000000000000000        0.0000000000000000        0.0000000000000000        0.0000000000000000        0.0000000000000000        0.0000000000000000        0.0000000000000000        0.0000000000000000     
   6.0624617446118417E-003  0.12921306565986843        1.0010359440305052       0.12921306565987020        6.0624617446119623E-003   2.1864935196726218E-004  -1.1280422485887126E-005  -8.6914902835378421E-007   0.0000000000000000        0.0000000000000000        0.0000000000000000        0.0000000000000000        0.0000000000000000        0.0000000000000000        0.0000000000000000        0.0000000000000000        0.0000000000000000       -8.6914902835378114E-007  -1.1280422485887206E-005   2.1864935196725765E-004   0.0000000000000000        0.0000000000000000        0.0000000000000000        0.0000000000000000        0.0000000000000000        0.0000000000000000        0.0000000000000000        0.0000000000000000        0.0000000000000000        0.0000000000000000        0.0000000000000000        0.0000000000000000     
   2.1864935196726218E-004   6.0624617446119232E-003  0.12921306565987020        1.0010359440305052       0.12921306565986843        6.0624617446118842E-003   2.1864935196725765E-004  -1.1280422485887191E-005  -8.6914902835378263E-007   0.0000000000000000        0.0000000000000000        0.0000000000000000        0.0000000000000000        0.0000000000000000        0.0000000000000000        0.0000000000000000        0.0000000000000000        0.0000000000000000       -8.6914902835378421E-007  -1.1280422485887152E-005   0.0000000000000000        0.0000000000000000        0.0000000000000000        0.0000000000000000        0.0000000000000000        0.0000000000000000        0.0000000000000000        0.0000000000000000        0.0000000000000000        0.0000000000000000        0.0000000000000000        0.0000000000000000     
  -1.1280422485887126E-005   2.1864935196726218E-004   6.0624617446119623E-003  0.12921306565986843        1.0010359440305052       0.12921306565986751        6.0624617446118842E-003   2.1864935196725576E-004  -1.1280422485887152E-005  -8.6914902835377860E-007   0.0000000000000000        0.0000000000000000        0.0000000000000000        0.0000000000000000        0.0000000000000000        0.0000000000000000        0.0000000000000000        0.0000000000000000        0.0000000000000000       -8.6914902835378421E-007   0.0000000000000000        0.0000000000000000        0.0000000000000000        0.0000000000000000        0.0000000000000000        0.0000000000000000        0.0000000000000000        0.0000000000000000        0.0000000000000000        0.0000000000000000        0.0000000000000000        0.0000000000000000     
  -8.6914902835378421E-007  -1.1280422485887126E-005   2.1864935196726218E-004   6.0624617446118842E-003  0.12921306565986751        1.0010359440305052       0.12921306565986751        6.0624617446118842E-003   2.1864935196725765E-004  -1.1280422485887284E-005  -8.6914902835378104E-007   0.0000000000000000        0.0000000000000000        0.0000000000000000        0.0000000000000000        0.0000000000000000        0.0000000000000000        0.0000000000000000        0.0000000000000000        0.0000000000000000        0.0000000000000000        0.0000000000000000        0.0000000000000000        0.0000000000000000        0.0000000000000000        0.0000000000000000        0.0000000000000000        0.0000000000000000        0.0000000000000000        0.0000000000000000        0.0000000000000000        0.0000000000000000     
   0.0000000000000000       -8.6914902835378421E-007  -1.1280422485887126E-005   2.1864935196725765E-004   6.0624617446118842E-003  0.12921306565986751        1.0010359440305052       0.12921306565986751        6.0624617446119232E-003   2.1864935196725318E-004  -1.1280422485887223E-005  -8.6914902835378104E-007   0.0000000000000000        0.0000000000000000        0.0000000000000000        0.0000000000000000        0.0000000000000000        0.0000000000000000        0.0000000000000000        0.0000000000000000        0.0000000000000000        0.0000000000000000        0.0000000000000000        0.0000000000000000        0.0000000000000000        0.0000000000000000        0.0000000000000000        0.0000000000000000        0.0000000000000000        0.0000000000000000        0.0000000000000000        0.0000000000000000     
   0.0000000000000000        0.0000000000000000       -8.6914902835378421E-007  -1.1280422485887191E-005   2.1864935196725576E-004   6.0624617446118842E-003  0.12921306565986751        1.0010359440305052       0.12921306565986843        6.0624617446117645E-003   2.1864935196725765E-004  -1.1280422485887223E-005  -8.6914902835378104E-007   0.0000000000000000        0.0000000000000000        0.0000000000000000        0.0000000000000000        0.0000000000000000        0.0000000000000000        0.0000000000000000        0.0000000000000000        0.0000000000000000        0.0000000000000000        0.0000000000000000        0.0000000000000000        0.0000000000000000        0.0000000000000000        0.0000000000000000        0.0000000000000000        0.0000000000000000        0.0000000000000000        0.0000000000000000     
   0.0000000000000000        0.0000000000000000        0.0000000000000000       -8.6914902835378263E-007  -1.1280422485887152E-005   2.1864935196725765E-004   6.0624617446119232E-003  0.12921306565986843        1.0010359440305052       0.12921306565986751        6.0624617446118044E-003   2.1864935196726015E-004  -1.1280422485887245E-005  -8.6914902835378432E-007   0.0000000000000000        0.0000000000000000        0.0000000000000000        0.0000000000000000        0.0000000000000000        0.0000000000000000        0.0000000000000000        0.0000000000000000        0.0000000000000000        0.0000000000000000        0.0000000000000000        0.0000000000000000        0.0000000000000000        0.0000000000000000        0.0000000000000000        0.0000000000000000        0.0000000000000000        0.0000000000000000     
   0.0000000000000000        0.0000000000000000        0.0000000000000000        0.0000000000000000       -8.6914902835377860E-007  -1.1280422485887284E-005   2.1864935196725318E-004   6.0624617446117645E-003  0.12921306565986751        1.0010359440305052       0.12921306565987103        6.0624617446118842E-003   2.1864935196726475E-004  -1.1280422485887094E-005  -8.6914902835378432E-007   0.0000000000000000        0.0000000000000000        0.0000000000000000        0.0000000000000000        0.0000000000000000        0.0000000000000000        0.0000000000000000        0.0000000000000000        0.0000000000000000        0.0000000000000000        0.0000000000000000        0.0000000000000000        0.0000000000000000        0.0000000000000000        0.0000000000000000        0.0000000000000000        0.0000000000000000     
   0.0000000000000000        0.0000000000000000        0.0000000000000000        0.0000000000000000        0.0000000000000000       -8.6914902835378104E-007  -1.1280422485887223E-005   2.1864935196725765E-004   6.0624617446118044E-003  0.12921306565987103        1.0010359440305052       0.12921306565986934        6.0624617446118044E-003   2.1864935196726475E-004  -1.1280422485887223E-005  -8.6914902835378432E-007   0.0000000000000000        0.0000000000000000        0.0000000000000000        0.0000000000000000        0.0000000000000000        0.0000000000000000        0.0000000000000000        0.0000000000000000        0.0000000000000000        0.0000000000000000        0.0000000000000000        0.0000000000000000        0.0000000000000000        0.0000000000000000        0.0000000000000000        0.0000000000000000     
   0.0000000000000000        0.0000000000000000        0.0000000000000000        0.0000000000000000        0.0000000000000000        0.0000000000000000       -8.6914902835378104E-007  -1.1280422485887223E-005   2.1864935196726015E-004   6.0624617446118842E-003  0.12921306565986934        1.0010359440305052       0.12921306565986934        6.0624617446119232E-003   2.1864935196726015E-004  -1.1280422485887152E-005   0.0000000000000000        0.0000000000000000        0.0000000000000000        0.0000000000000000        0.0000000000000000        0.0000000000000000        0.0000000000000000        0.0000000000000000       -8.6914902835378263E-007   0.0000000000000000        0.0000000000000000        0.0000000000000000        0.0000000000000000        0.0000000000000000        0.0000000000000000        0.0000000000000000     
   0.0000000000000000        0.0000000000000000        0.0000000000000000        0.0000000000000000        0.0000000000000000        0.0000000000000000        0.0000000000000000       -8.6914902835378104E-007  -1.1280422485887245E-005   2.1864935196726475E-004   6.0624617446118044E-003  0.12921306565986934        1.0010359440305052       0.12921306565987103        6.0624617446118417E-003   2.1864935196726475E-004   0.0000000000000000        0.0000000000000000        0.0000000000000000        0.0000000000000000        0.0000000000000000        0.0000000000000000        0.0000000000000000        0.0000000000000000       -1.1280422485887223E-005  -8.6914902835378432E-007   0.0000000000000000        0.0000000000000000        0.0000000000000000        0.0000000000000000        0.0000000000000000        0.0000000000000000     
   0.0000000000000000        0.0000000000000000        0.0000000000000000        0.0000000000000000        0.0000000000000000        0.0000000000000000        0.0000000000000000        0.0000000000000000       -8.6914902835378432E-007  -1.1280422485887094E-005   2.1864935196726475E-004   6.0624617446119232E-003  0.12921306565987103        1.0010359440305052       0.12921306565986668        6.0624617446118417E-003   0.0000000000000000        0.0000000000000000        0.0000000000000000        0.0000000000000000        0.0000000000000000        0.0000000000000000        0.0000000000000000        0.0000000000000000        2.1864935196725318E-004  -1.1280422485887223E-005  -8.6914902835378421E-007   0.0000000000000000        0.0000000000000000        0.0000000000000000        0.0000000000000000        0.0000000000000000     
   0.0000000000000000        0.0000000000000000        0.0000000000000000        0.0000000000000000        0.0000000000000000        0.0000000000000000        0.0000000000000000        0.0000000000000000        0.0000000000000000       -8.6914902835378432E-007  -1.1280422485887223E-005   2.1864935196726015E-004   6.0624617446118417E-003  0.12921306565986668        1.0010359440305052       0.12921306565987020        0.0000000000000000        0.0000000000000000        0.0000000000000000        0.0000000000000000        0.0000000000000000        0.0000000000000000        0.0000000000000000        0.0000000000000000        6.0624617446118417E-003   2.1864935196726218E-004  -1.1280422485887113E-005  -8.6914902835378421E-007   0.0000000000000000        0.0000000000000000        0.0000000000000000        0.0000000000000000     
   0.0000000000000000        0.0000000000000000        0.0000000000000000        0.0000000000000000        0.0000000000000000        0.0000000000000000        0.0000000000000000        0.0000000000000000        0.0000000000000000        0.0000000000000000       -8.6914902835378432E-007  -1.1280422485887152E-005   2.1864935196726475E-004   6.0624617446118417E-003  0.12921306565987020        1.0010359440305052        0.0000000000000000        0.0000000000000000        0.0000000000000000        0.0000000000000000        0.0000000000000000        0.0000000000000000        0.0000000000000000        0.0000000000000000       0.12921306565986668        6.0624617446118417E-003   2.1864935196726218E-004  -1.1280422485887243E-005   0.0000000000000000        0.0000000000000000        0.0000000000000000        0.0000000000000000     
  -1.1280422485887191E-005  -8.6914902835378114E-007   0.0000000000000000        0.0000000000000000        0.0000000000000000        0.0000000000000000        0.0000000000000000        0.0000000000000000        0.0000000000000000        0.0000000000000000        0.0000000000000000        0.0000000000000000        0.0000000000000000        0.0000000000000000        0.0000000000000000        0.0000000000000000        1.0010359440305054       0.12921306565986843        6.0624617446118885E-003   2.1864935196726104E-004  -1.1280422485887170E-005   2.1864935196726104E-004   6.0624617446118582E-003  0.12921306565986843        0.0000000000000000        0.0000000000000000        0.0000000000000000        0.0000000000000000        0.0000000000000000        0.0000000000000000        0.0000000000000000        0.0000000000000000     
   2.1864935196725879E-004  -1.1280422485887191E-005  -8.6914902835378114E-007   0.0000000000000000        0.0000000000000000        0.0000000000000000        0.0000000000000000        0.0000000000000000        0.0000000000000000        0.0000000000000000        0.0000000000000000        0.0000000000000000        0.0000000000000000        0.0000000000000000        0.0000000000000000        0.0000000000000000       0.12921306565986843        1.0010359440305054       0.12921306565986934        6.0624617446119033E-003  -8.6914902835378305E-007  -1.1280422485887170E-005   2.1864935196725879E-004   6.0624617446118426E-003   0.0000000000000000        0.0000000000000000        0.0000000000000000        0.0000000000000000        0.0000000000000000        0.0000000000000000        0.0000000000000000        0.0000000000000000     
   6.0624617446118651E-003   2.1864935196725765E-004  -1.1280422485887206E-005  -8.6914902835378421E-007   0.0000000000000000        0.0000000000000000        0.0000000000000000        0.0000000000000000        0.0000000000000000        0.0000000000000000        0.0000000000000000        0.0000000000000000        0.0000000000000000        0.0000000000000000        0.0000000000000000        0.0000000000000000        6.0624617446118885E-003  0.12921306565986934        1.0010359440305054       0.12921306565986876        0.0000000000000000       -8.6914902835378368E-007  -1.1280422485887170E-005   2.1864935196726012E-004   0.0000000000000000        0.0000000000000000        0.0000000000000000        0.0000000000000000        0.0000000000000000        0.0000000000000000        0.0000000000000000        0.0000000000000000     
  0.12921306565986843        6.0624617446118417E-003   2.1864935196725765E-004  -1.1280422485887152E-005  -8.6914902835378421E-007   0.0000000000000000        0.0000000000000000        0.0000000000000000        0.0000000000000000        0.0000000000000000        0.0000000000000000        0.0000000000000000        0.0000000000000000        0.0000000000000000        0.0000000000000000        0.0000000000000000        2.1864935196726104E-004   6.0624617446119033E-003  0.12921306565986876        1.0010359440305054        0.0000000000000000        0.0000000000000000       -8.6914902835378432E-007  -1.1280422485887170E-005   0.0000000000000000        0.0000000000000000        0.0000000000000000        0.0000000000000000        0.0000000000000000        0.0000000000000000        0.0000000000000000        0.0000000000000000     
   0.0000000000000000        0.0000000000000000        0.0000000000000000        0.0000000000000000        0.0000000000000000        0.0000000000000000        0.0000000000000000        0.0000000000000000        0.0000000000000000        0.0000000000000000        0.0000000000000000        0.0000000000000000        0.0000000000000000        0.0000000000000000        0.0000000000000000        0.0000000000000000       -1.1280422485887170E-005  -8.6914902835378305E-007   0.0000000000000000        0.0000000000000000        1.0010359440305054       0.12921306565986843        6.0624617446118885E-003   2.1864935196726104E-004   0.0000000000000000        0.0000000000000000        0.0000000000000000        0.0000000000000000        0.0000000000000000        0.0000000000000000        0.0000000000000000        0.0000000000000000     
   0.0000000000000000        0.0000000000000000        0.0000000000000000        0.0000000000000000        0.0000000000000000        0.0000000000000000        0.0000000000000000        0.0000000000000000        0.0000000000000000        0.0000000000000000        0.0000000000000000        0.0000000000000000        0.0000000000000000        0.0000000000000000        0.0000000000000000        0.0000000000000000        2.1864935196726104E-004  -1.1280422485887170E-005  -8.6914902835378368E-007   0.0000000000000000       0.12921306565986843        1.0010359440305054       0.12921306565986934        6.0624617446119033E-003   0.0000000000000000        0.0000000000000000        0.0000000000000000        0.0000000000000000        0.0000000000000000        0.0000000000000000        0.0000000000000000        0.0000000000000000     
   0.0000000000000000        0.0000000000000000        0.0000000000000000        0.0000000000000000        0.0000000000000000        0.0000000000000000        0.0000000000000000        0.0000000000000000        0.0000000000000000        0.0000000000000000        0.0000000000000000        0.0000000000000000        0.0000000000000000        0.0000000000000000        0.0000000000000000        0.0000000000000000        6.0624617446118582E-003   2.1864935196725879E-004  -1.1280422485887170E-005  -8.6914902835378432E-007   6.0624617446118885E-003  0.12921306565986934        1.0010359440305054       0.12921306565986876        0.0000000000000000        0.0000000000000000        0.0000000000000000        0.0000000000000000        0.0000000000000000        0.0000000000000000        0.0000000000000000        0.0000000000000000     
   0.0000000000000000        0.0000000000000000        0.0000000000000000        0.0000000000000000        0.0000000000000000        0.0000000000000000        0.0000000000000000        0.0000000000000000        0.0000000000000000        0.0000000000000000        0.0000000000000000        0.0000000000000000        0.0000000000000000        0.0000000000000000        0.0000000000000000        0.0000000000000000       0.12921306565986843        6.0624617446118426E-003   2.1864935196726012E-004  -1.1280422485887170E-005   2.1864935196726104E-004   6.0624617446119033E-003  0.12921306565986876        1.0010359440305054        0.0000000000000000        0.0000000000000000        0.0000000000000000        0.0000000000000000        0.0000000000000000        0.0000000000000000        0.0000000000000000        0.0000000000000000     
   0.0000000000000000        0.0000000000000000        0.0000000000000000        0.0000000000000000        0.0000000000000000        0.0000000000000000        0.0000000000000000        0.0000000000000000        0.0000000000000000        0.0000000000000000        0.0000000000000000       -8.6914902835378263E-007  -1.1280422485887223E-005   2.1864935196725318E-004   6.0624617446118417E-003  0.12921306565986668        0.0000000000000000        0.0000000000000000        0.0000000000000000        0.0000000000000000        0.0000000000000000        0.0000000000000000        0.0000000000000000        0.0000000000000000        1.0010359440305054       0.12921306565987020        6.0624617446119839E-003   2.1864935196726104E-004  -1.1280422485887170E-005  -8.6914902835378474E-007   0.0000000000000000        0.0000000000000000     
   0.0000000000000000        0.0000000000000000        0.0000000000000000        0.0000000000000000        0.0000000000000000        0.0000000000000000        0.0000000000000000        0.0000000000000000        0.0000000000000000        0.0000000000000000        0.0000000000000000        0.0000000000000000       -8.6914902835378432E-007  -1.1280422485887223E-005   2.1864935196726218E-004   6.0624617446118417E-003   0.0000000000000000        0.0000000000000000        0.0000000000000000        0.0000000000000000        0.0000000000000000        0.0000000000000000        0.0000000000000000        0.0000000000000000       0.12921306565987020        1.0010359440305054       0.12921306565986973        6.0624617446118235E-003   2.1864935196725662E-004  -1.1280422485887170E-005  -8.6914902835378432E-007   0.0000000000000000     
   0.0000000000000000        0.0000000000000000        0.0000000000000000        0.0000000000000000        0.0000000000000000        0.0000000000000000        0.0000000000000000        0.0000000000000000        0.0000000000000000        0.0000000000000000        0.0000000000000000        0.0000000000000000        0.0000000000000000       -8.6914902835378421E-007  -1.1280422485887113E-005   2.1864935196726218E-004   0.0000000000000000        0.0000000000000000        0.0000000000000000        0.0000000000000000        0.0000000000000000        0.0000000000000000        0.0000000000000000        0.0000000000000000        6.0624617446119839E-003  0.12921306565986973        1.0010359440305054       0.12921306565986668        6.0624617446117654E-003   2.1864935196725768E-004  -1.1280422485887170E-005  -8.6914902835378093E-007
   0.0000000000000000        0.0000000000000000        0.0000000000000000        0.0000000000000000        0.0000000000000000        0.0000000000000000        0.0000000000000000        0.0000000000000000        0.0000000000000000        0.0000000000000000        0.0000000000000000        0.0000000000000000        0.0000000000000000        0.0000000000000000       -8.6914902835378421E-007  -1.1280422485887243E-005   0.0000000000000000        0.0000000000000000        0.0000000000000000        0.0000000000000000        0.0000000000000000        0.0000000000000000        0.0000000000000000        0.0000000000000000        2.1864935196726104E-004   6.0624617446118235E-003  0.12921306565986668        1.0010359440305054       0.12921306565986843        6.0624617446119232E-003   2.1864935196726549E-004  -1.1280422485887170E-005
   0.0000000000000000        0.0000000000000000        0.0000000000000000        0.0000000000000000        0.0000000000000000        0.0000000000000000        0.0000000000000000        0.0000000000000000        0.0000000000000000        0.0000000000000000        0.0000000000000000        0.0000000000000000        0.0000000000000000        0.0000000000000000        0.0000000000000000        0.0000000000000000        0.0000000000000000        0.0000000000000000        0.0000000000000000        0.0000000000000000        0.0000000000000000        0.0000000000000000        0.0000000000000000        0.0000000000000000       -1.1280422485887170E-005   2.1864935196725662E-004   6.0624617446117654E-003  0.12921306565986843        1.0010359440305054       0.12921306565987020        6.0624617446119839E-003   2.1864935196726104E-004
   0.0000000000000000        0.0000000000000000        0.0000000000000000        0.0000000000000000        0.0000000000000000        0.0000000000000000        0.0000000000000000        0.0000000000000000        0.0000000000000000        0.0000000000000000        0.0000000000000000        0.0000000000000000        0.0000000000000000        0.0000000000000000        0.0000000000000000        0.0000000000000000        0.0000000000000000        0.0000000000000000        0.0000000000000000        0.0000000000000000        0.0000000000000000        0.0000000000000000        0.0000000000000000        0.0000000000000000       -8.6914902835378474E-007  -1.1280422485887170E-005   2.1864935196725768E-004   6.0624617446119232E-003  0.12921306565987020        1.0010359440305054       0.12921306565986973        6.0624617446118235E-003
   0.0000000000000000        0.0000000000000000        0.0000000000000000        0.0000000000000000        0.0000000000000000        0.0000000000000000        0.0000000000000000        0.0000000000000000        0.0000000000000000        0.0000000000000000        0.0000000000000000        0.0000000000000000        0.0000000000000000        0.0000000000000000        0.0000000000000000        0.0000000000000000        0.0000000000000000        0.0000000000000000        0.0000000000000000        0.0000000000000000        0.0000000000000000        0.0000000000000000        0.0000000000000000        0.0000000000000000        0.0000000000000000       -8.6914902835378432E-007  -1.1280422485887170E-005   2.1864935196726549E-004   6.0624617446119839E-003  0.12921306565986973        1.0010359440305054       0.12921306565986668     
   0.0000000000000000        0.0000000000000000        0.0000000000000000        0.0000000000000000        0.0000000000000000        0.0000000000000000        0.0000000000000000        0.0000000000000000        0.0000000000000000        0.0000000000000000        0.0000000000000000        0.0000000000000000        0.0000000000000000        0.0000000000000000        0.0000000000000000        0.0000000000000000        0.0000000000000000        0.0000000000000000        0.0000000000000000        0.0000000000000000        0.0000000000000000        0.0000000000000000        0.0000000000000000        0.0000000000000000        0.0000000000000000        0.0000000000000000       -8.6914902835378093E-007  -1.1280422485887170E-005   2.1864935196726104E-004   6.0624617446118235E-003  0.12921306565986668        1.0010359440305054     
