   1.0490512514806249       0.15208572055162431        9.4804114501070239E-003   2.9237357803236694E-004  -4.6854392888218550E-005  -3.7291929990798108E-006   0.0000000000000000        0.0000000000000000        0.0000000000000000        0.0000000000000000        0.0000000000000000        0.0000000000000000        0.0000000000000000        0.0000000000000000        0.0000000000000000        0.0000000000000000       -4.6854392888218496E-005   2.9237357803236065E-004   9.4804114501070499E-003  0.15208572055162431        0.0000000000000000        0.0000000000000000        0.0000000000000000        0.0000000000000000        0.0000000000000000        0.0000000000000000        0.0000000000000000        0.0000000000000000        0.0000000000000000        0.0000000000000000        0.0000000000000000        0.0000000000000000     
  0.15208572055162431        1.0490512514806249       0.15208572055162431        9.4804114501071419E-003   2.9237357803236694E-004  -4.6854392888218550E-005  -3.7291929990798108E-006   0.0000000000000000        0.0000000000000000        0.0000000000000000        0.0000000000000000        0.0000000000000000        0.0000000000000000        0.0000000000000000        0.0000000000000000        0.0000000000000000       -3.7291929990797993E-006  -4.6854392888218496E-005   2.9237357803236065E-004   9.4804114501070239E-003   0.0000000000000000        0.0000000000000000        0.0000000000000000        0.0000000000000000        0.0000000000000000        0.0000000000000000        0.0000000000000000        0.0000000000000000        0.0000000000000000        0.0000000000000000        0.0000000000000000        0.0000000000000000     
   9.4804114501070239E-003  0.15208572055162431        1.0490512514806249       0.15208572055162617        9.4804114501071419E-003   2.9237357803236694E-004  -4.6854392888218550E-005  -3.7291929990798108E-006   0.0000000000000000        0.0000000000000000        0.0000000000000000        0.0000000000000000        0.0000000000000000        0.0000000000000000        0.0000000000000000        0.0000000000000000        0.0000000000000000       -3.7291929990797993E-006  -4.6854392888218509E-005   2.9237357803235908E-004   0.0000000000000000        0.0000000000000000        0.0000000000000000        0.0000000000000000        0.0000000000000000        0.0000000000000000        0.0000000000000000        0.0000000000000000        0.0000000000000000        0.0000000000000000        0.0000000000000000        0.0000000000000000     
   2.9237357803236694E-004   9.4804114501071419E-003  0.15208572055162617        1.0490512514806249       0.15208572055162431        9.4804114501070239E-003   2.9237357803235908E-004  -4.6854392888218503E-005  -3.7291929990797947E-006   0.0000000000000000        0.0000000000000000        0.0000000000000000        0.0000000000000000        0.0000000000000000        0.0000000000000000        0.0000000000000000        0.0000000000000000        0.0000000000000000       -3.7291929990798184E-006  -4.6854392888218550E-005   0.0000000000000000        0.0000000000000000        0.0000000000000000        0.0000000000000000        0.0000000000000000        0.0000000000000000        0.0000000000000000        0.0000000000000000        0.0000000000000000        0.0000000000000000        0.0000000000000000        0.0000000000000000     
  -4.6854392888218550E-005   2.9237357803236694E-004   9.4804114501071419E-003  0.15208572055162431        1.0490512514806249       0.15208572055162431        9.4804114501070239E-003   2.9237357803235908E-004  -4.6854392888218584E-005  -3.7291929990797883E-006   0.0000000000000000        0.0000000000000000        0.0000000000000000        0.0000000000000000        0.0000000000000000        0.0000000000000000        0.0000000000000000        0.0000000000000000        0.0000000000000000       -3.7291929990798108E-006   0.0000000000000000        0.0000000000000000        0.0000000000000000        0.0000000000000000        0.0000000000000000        0.0000000000000000        0.0000000000000000        0.0000000000000000        0.0000000000000000        0.0000000000000000        0.0000000000000000        0.0000000000000000     
  -3.7291929990798108E-006  -4.6854392888218550E-005   2.9237357803236694E-004   9.4804114501070239E-003  0.15208572055162431        1.0490512514806249       0.15208572055162431        9.4804114501070239E-003   2.9237357803235908E-004  -4.6854392888218496E-005  -3.7291929990798027E-006   0.0000000000000000        0.0000000000000000        0.0000000000000000        0.0000000000000000        0.0000000000000000        0.0000000000000000        0.0000000000000000        0.0000000000000000        0.0000000000000000        0.0000000000000000        0.0000000000000000        0.0000000000000000        0.0000000000000000        0.0000000000000000        0.0000000000000000        0.0000000000000000        0.0000000000000000        0.0000000000000000        0.0000000000000000        0.0000000000000000        0.0000000000000000     
   0.0000000000000000       -3.7291929990798108E-006  -4.6854392888218550E-005   2.9237357803235908E-004   9.4804114501070239E-003  0.15208572055162431        1.0490512514806249       0.15208572055162431        9.4804114501072598E-003   2.9237357803235501E-004  -4.6854392888218557E-005  -3.7291929990798027E-006   0.0000000000000000        0.0000000000000000        0.0000000000000000        0.0000000000000000        0.0000000000000000        0.0000000000000000        0.0000000000000000        0.0000000000000000        0.0000000000000000        0.0000000000000000        0.0000000000000000        0.0000000000000000        0.0000000000000000        0.0000000000000000        0.0000000000000000        0.0000000000000000        0.0000000000000000        0.0000000000000000        0.0000000000000000        0.0000000000000000     
   0.0000000000000000        0.0000000000000000       -3.7291929990798108E-006  -4.6854392888218503E-005   2.9237357803235908E-004   9.4804114501070239E-003  0.15208572055162431        1.0490512514806249       0.15208572055162431        9.4804114501070812E-003   2.9237357803236271E-004  -4.6854392888218557E-005  -3.7291929990798027E-006   0.0000000000000000        0.0000000000000000        0.0000000000000000        0.0000000000000000        0.0000000000000000        0.0000000000000000        0.0000000000000000        0.0000000000000000        0.0000000000000000        0.0000000000000000        0.0000000000000000        0.0000000000000000        0.0000000000000000        0.0000000000000000        0.0000000000000000        0.0000000000000000        0.0000000000000000        0.0000000000000000        0.0000000000000000     
   0.0000000000000000        0.0000000000000000        0.0000000000000000       -3.7291929990797947E-006  -4.6854392888218584E-005   2.9237357803235908E-004   9.4804114501072598E-003  0.15208572055162431        1.0490512514806249       0.15208572055162045        9.4804114501071991E-003   2.9237357803235154E-004  -4.6854392888218557E-005  -3.7291929990797947E-006   0.0000000000000000        0.0000000000000000        0.0000000000000000        0.0000000000000000        0.0000000000000000        0.0000000000000000        0.0000000000000000        0.0000000000000000        0.0000000000000000        0.0000000000000000        0.0000000000000000        0.0000000000000000        0.0000000000000000        0.0000000000000000        0.0000000000000000        0.0000000000000000        0.0000000000000000        0.0000000000000000     
   0.0000000000000000        0.0000000000000000        0.0000000000000000        0.0000000000000000       -3.7291929990797883E-006  -4.6854392888218496E-005   2.9237357803235501E-004   9.4804114501070812E-003  0.15208572055162045        1.0490512514806249       0.15208572055162431        9.4804114501072598E-003   2.9237357803235908E-004  -4.6854392888218611E-005  -3.7291929990797947E-006   0.0000000000000000        0.0000000000000000        0.0000000000000000        0.0000000000000000        0.0000000000000000        0.0000000000000000        0.0000000000000000        0.0000000000000000        0.0000000000000000        0.0000000000000000        0.0000000000000000        0.0000000000000000        0.0000000000000000        0.0000000000000000        0.0000000000000000        0.0000000000000000        0.0000000000000000     
   0.0000000000000000        0.0000000000000000        0.0000000000000000        0.0000000000000000        0.0000000000000000       -3.7291929990798027E-006  -4.6854392888218557E-005   2.9237357803236271E-004   9.4804114501071991E-003  0.15208572055162431        1.0490512514806249       0.15208572055162228        9.4804114501071419E-003   2.9237357803235908E-004  -4.6854392888218550E-005  -3.7291929990797947E-006   0.0000000000000000        0.0000000000000000        0.0000000000000000        0.0000000000000000        0.0000000000000000        0.0000000000000000        0.0000000000000000        0.0000000000000000        0.0000000000000000        0.0000000000000000        0.0000000000000000        0.0000000000000000        0.0000000000000000        0.0000000000000000        0.0000000000000000        0.0000000000000000     
   0.0000000000000000        0.0000000000000000        0.0000000000000000        0.0000000000000000        0.0000000000000000        0.0000000000000000       -3.7291929990798027E-006  -4.6854392888218557E-005   2.9237357803235154E-004   9.4804114501072598E-003  0.15208572055162228        1.0490512514806249       0.15208572055162228        9.4804114501072598E-003   2.9237357803235154E-004  -4.6854392888218584E-005   0.0000000000000000        0.0000000000000000        0.0000000000000000        0.0000000000000000        0.0000000000000000        0.0000000000000000        0.0000000000000000        0.0000000000000000       -3.7291929990797798E-006   0.0000000000000000        0.0000000000000000        0.0000000000000000        0.0000000000000000        0.0000000000000000        0.0000000000000000        0.0000000000000000     
   0.0000000000000000        0.0000000000000000        0.0000000000000000        0.0000000000000000        0.0000000000000000        0.0000000000000000        0.0000000000000000       -3.7291929990798027E-006  -4.6854392888218557E-005   2.9237357803235908E-004   9.4804114501071419E-003  0.15208572055162228        1.0490512514806249       0.15208572055162431        9.4804114501071419E-003   2.9237357803235908E-004   0.0000000000000000        0.0000000000000000        0.0000000000000000        0.0000000000000000        0.0000000000000000        0.0000000000000000        0.0000000000000000        0.0000000000000000       -4.6854392888218550E-005  -3.7291929990797947E-006   0.0000000000000000        0.0000000000000000        0.0000000000000000        0.0000000000000000        0.0000000000000000        0.0000000000000000     
   0.0000000000000000        0.0000000000000000        0.0000000000000000        0.0000000000000000        0.0000000000000000        0.0000000000000000        0.0000000000000000        0.0000000000000000       -3.7291929990797947E-006  -4.6854392888218611E-005   2.9237357803235908E-004   9.4804114501072598E-003  0.15208572055162431        1.0490512514806249       0.15208572055162045        9.4804114501071419E-003   0.0000000000000000        0.0000000000000000        0.0000000000000000        0.0000000000000000        0.0000000000000000        0.0000000000000000        0.0000000000000000        0.0000000000000000        2.9237357803234368E-004  -4.6854392888218550E-005  -3.7291929990797947E-006   0.0000000000000000        0.0000000000000000        0.0000000000000000        0.0000000000000000        0.0000000000000000     
   0.0000000000000000        0.0000000000000000        0.0000000000000000        0.0000000000000000        0.0000000000000000        0.0000000000000000        0.0000000000000000        0.0000000000000000        0.0000000000000000       -3.7291929990797947E-006  -4.6854392888218550E-005   2.9237357803235154E-004   9.4804114501071419E-003  0.15208572055162045        1.0490512514806249       0.15208572055162431        0.0000000000000000        0.0000000000000000        0.0000000000000000        0.0000000000000000        0.0000000000000000        0.0000000000000000        0.0000000000000000        0.0000000000000000        9.4804114501071419E-003   2.9237357803235908E-004  -4.6854392888218618E-005  -3.7291929990797947E-006   0.0000000000000000        0.0000000000000000        0.0000000000000000        0.0000000000000000     
   0.0000000000000000        0.0000000000000000        0.0000000000000000        0.0000000000000000        0.0000000000000000        0.0000000000000000        0.0000000000000000        0.0000000000000000        0.0000000000000000        0.0000000000000000       -3.7291929990797947E-006  -4.6854392888218584E-005   2.9237357803235908E-004   9.4804114501071419E-003  0.15208572055162431        1.0490512514806249        0.0000000000000000        0.0000000000000000        0.0000000000000000        0.0000000000000000        0.0000000000000000        0.0000000000000000        0.0000000000000000        0.0000000000000000       0.15208572055162045        9.4804114501071419E-003   2.9237357803235908E-004  -4.6854392888218503E-005   0.0000000000000000        0.0000000000000000        0.0000000000000000        0.0000000000000000     
  -4.6854392888218496E-005  -3.7291929990797993E-006   0.0000000000000000        0.0000000000000000        0.0000000000000000        0.0000000000000000        0.0000000000000000        0.0000000000000000        0.0000000000000000        0.0000000000000000        0.0000000000000000        0.0000000000000000        0.0000000000000000        0.0000000000000000        0.0000000000000000        0.0000000000000000        1.0490512514806254       0.15208572055162334        9.4804114501071020E-003   2.9237357803236076E-004  -4.6854392888218530E-005   2.9237357803236076E-004   0.0000000000000000       0.15208572055162334        0.0000000000000000        0.0000000000000000        0.0000000000000000        0.0000000000000000        0.0000000000000000        0.0000000000000000        0.0000000000000000        0.0000000000000000     
   2.9237357803236065E-004  -4.6854392888218496E-005  -3.7291929990797993E-006   0.0000000000000000        0.0000000000000000        0.0000000000000000        0.0000000000000000        0.0000000000000000        0.0000000000000000        0.0000000000000000        0.0000000000000000        0.0000000000000000        0.0000000000000000        0.0000000000000000        0.0000000000000000        0.0000000000000000       0.15208572055162334        1.0490512514806254       0.15208572055162428        9.4804114501070829E-003  -3.7291929990797985E-006  -4.6854392888218530E-005   2.9237357803235718E-004   0.0000000000000000        0.0000000000000000        0.0000000000000000        0.0000000000000000        0.0000000000000000        0.0000000000000000        0.0000000000000000        0.0000000000000000        0.0000000000000000     
   9.4804114501070499E-003   2.9237357803236065E-004  -4.6854392888218509E-005  -3.7291929990798184E-006   0.0000000000000000        0.0000000000000000        0.0000000000000000        0.0000000000000000        0.0000000000000000        0.0000000000000000        0.0000000000000000        0.0000000000000000        0.0000000000000000        0.0000000000000000        0.0000000000000000        0.0000000000000000        9.4804114501071020E-003  0.15208572055162428        1.0490512514806254       0.15208572055162370        9.4804114501071540E-003  -3.7291929990798069E-006  -4.6854392888218530E-005   2.9237357803235919E-004   0.0000000000000000        0.0000000000000000        0.0000000000000000        0.0000000000000000        0.0000000000000000        0.0000000000000000        0.0000000000000000        0.0000000000000000     
  0.15208572055162431        9.4804114501070239E-003   2.9237357803235908E-004  -4.6854392888218550E-005  -3.7291929990798108E-006   0.0000000000000000        0.0000000000000000        0.0000000000000000        0.0000000000000000        0.0000000000000000        0.0000000000000000        0.0000000000000000        0.0000000000000000        0.0000000000000000        0.0000000000000000        0.0000000000000000        2.9237357803236076E-004   9.4804114501070829E-003  0.15208572055162370        1.0490512514806254        0.0000000000000000        9.4804114501071731E-003  -3.7291929990798027E-006  -4.6854392888218530E-005   0.0000000000000000        0.0000000000000000        0.0000000000000000        0.0000000000000000        0.0000000000000000        0.0000000000000000        0.0000000000000000        0.0000000000000000     
   0.0000000000000000        0.0000000000000000        0.0000000000000000        0.0000000000000000        0.0000000000000000        0.0000000000000000        0.0000000000000000        0.0000000000000000        0.0000000000000000        0.0000000000000000        0.0000000000000000        0.0000000000000000        0.0000000000000000        0.0000000000000000        0.0000000000000000        0.0000000000000000       -4.6854392888218530E-005  -3.7291929990797985E-006   9.4804114501071540E-003   0.0000000000000000        1.0490512514806254       0.15208572055162334        9.4804114501071020E-003   2.9237357803236076E-004   0.0000000000000000        0.0000000000000000        0.0000000000000000        0.0000000000000000        0.0000000000000000        0.0000000000000000        0.0000000000000000        0.0000000000000000     
   0.0000000000000000        0.0000000000000000        0.0000000000000000        0.0000000000000000        0.0000000000000000        0.0000000000000000        0.0000000000000000        0.0000000000000000        0.0000000000000000        0.0000000000000000        0.0000000000000000        0.0000000000000000        0.0000000000000000        0.0000000000000000        0.0000000000000000        0.0000000000000000        2.9237357803236076E-004  -4.6854392888218530E-005  -3.7291929990798069E-006   9.4804114501071731E-003  0.15208572055162334        1.0490512514806254       0.15208572055162428        9.4804114501070829E-003   0.0000000000000000        0.0000000000000000        0.0000000000000000        0.0000000000000000        0.0000000000000000        0.0000000000000000        0.0000000000000000        0.0000000000000000     
   0.0000000000000000        0.0000000000000000        0.0000000000000000        0.0000000000000000        0.0000000000000000        0.0000000000000000        0.0000000000000000        0.0000000000000000        0.0000000000000000        0.0000000000000000        0.0000000000000000        0.0000000000000000        0.0000000000000000        0.0000000000000000        0.0000000000000000        0.0000000000000000        0.0000000000000000        2.9237357803235718E-004  -4.6854392888218530E-005  -3.7291929990798027E-006   9.4804114501071020E-003  0.15208572055162428        1.0490512514806254       0.15208572055162370        0.0000000000000000        0.0000000000000000        0.0000000000000000        0.0000000000000000        0.0000000000000000        0.0000000000000000        0.0000000000000000        0.0000000000000000     
   0.0000000000000000        0.0000000000000000        0.0000000000000000        0.0000000000000000        0.0000000000000000        0.0000000000000000        0.0000000000000000        0.0000000000000000        0.0000000000000000        0.0000000000000000        0.0000000000000000        0.0000000000000000        0.0000000000000000        0.0000000000000000        0.0000000000000000        0.0000000000000000       0.15208572055162334        0.0000000000000000        2.9237357803235919E-004  -4.6854392888218530E-005   2.9237357803236076E-004   9.4804114501070829E-003  0.15208572055162370        1.0490512514806254        0.0000000000000000        0.0000000000000000        0.0000000000000000        0.0000000000000000        0.0000000000000000        0.0000000000000000        0.0000000000000000        0.0000000000000000     
   0.0000000000000000        0.0000000000000000        0.0000000000000000        0.0000000000000000        0.0000000000000000        0.0000000000000000        0.0000000000000000        0.0000000000000000        0.0000000000000000        0.0000000000000000        0.0000000000000000       -3.7291929990797798E-006  -4.6854392888218550E-005   2.9237357803234368E-004   9.4804114501071419E-003  0.15208572055162045        0.0000000000000000        0.0000000000000000        0.0000000000000000        0.0000000000000000        0.0000000000000000        0.0000000000000000        0.0000000000000000        0.0000000000000000        1.0490512514806254       0.15208572055162525        9.4804114501072980E-003   2.9237357803236076E-004  -4.6854392888218530E-005  -3.7291929990798180E-006   0.0000000000000000        0.0000000000000000     
   0.0000000000000000        0.0000000000000000        0.0000000000000000        0.0000000000000000        0.0000000000000000        0.0000000000000000        0.0000000000000000        0.0000000000000000        0.0000000000000000        0.0000000000000000        0.0000000000000000        0.0000000000000000       -3.7291929990797947E-006  -4.6854392888218550E-005   2.9237357803235908E-004   9.4804114501071419E-003   0.0000000000000000        0.0000000000000000        0.0000000000000000        0.0000000000000000        0.0000000000000000        0.0000000000000000        0.0000000000000000        0.0000000000000000       0.15208572055162525        1.0490512514806254       0.15208572055162478        9.4804114501070517E-003   2.9237357803235290E-004  -4.6854392888218530E-005  -3.7291929990798112E-006   0.0000000000000000     
   0.0000000000000000        0.0000000000000000        0.0000000000000000        0.0000000000000000        0.0000000000000000        0.0000000000000000        0.0000000000000000        0.0000000000000000        0.0000000000000000        0.0000000000000000        0.0000000000000000        0.0000000000000000        0.0000000000000000       -3.7291929990797947E-006  -4.6854392888218618E-005   2.9237357803235908E-004   0.0000000000000000        0.0000000000000000        0.0000000000000000        0.0000000000000000        0.0000000000000000        0.0000000000000000        0.0000000000000000        0.0000000000000000        9.4804114501072980E-003  0.15208572055162478        1.0490512514806254       0.15208572055162140        9.4804114501069701E-003   2.9237357803235512E-004  -4.6854392888218530E-005  -3.7291929990797841E-006
   0.0000000000000000        0.0000000000000000        0.0000000000000000        0.0000000000000000        0.0000000000000000        0.0000000000000000        0.0000000000000000        0.0000000000000000        0.0000000000000000        0.0000000000000000        0.0000000000000000        0.0000000000000000        0.0000000000000000        0.0000000000000000       -3.7291929990797947E-006  -4.6854392888218503E-005   0.0000000000000000        0.0000000000000000        0.0000000000000000        0.0000000000000000        0.0000000000000000        0.0000000000000000        0.0000000000000000        0.0000000000000000        2.9237357803236076E-004   9.4804114501070517E-003  0.15208572055162140        1.0490512514806254       0.15208572055162334        9.4804114501072026E-003   2.9237357803236830E-004  -4.6854392888218530E-005
   0.0000000000000000        0.0000000000000000        0.0000000000000000        0.0000000000000000        0.0000000000000000        0.0000000000000000        0.0000000000000000        0.0000000000000000        0.0000000000000000        0.0000000000000000        0.0000000000000000        0.0000000000000000        0.0000000000000000        0.0000000000000000        0.0000000000000000        0.0000000000000000        0.0000000000000000        0.0000000000000000        0.0000000000000000        0.0000000000000000        0.0000000000000000        0.0000000000000000        0.0000000000000000        0.0000000000000000       -4.6854392888218530E-005   2.9237357803235290E-004   9.4804114501069701E-003  0.15208572055162334        1.0490512514806254       0.15208572055162525        9.4804114501072980E-003   2.9237357803236076E-004
   0.0000000000000000        0.0000000000000000        0.0000000000000000        0.0000000000000000        0.0000000000000000        0.0000000000000000        0.0000000000000000        0.0000000000000000        0.0000000000000000        0.0000000000000000        0.0000000000000000        0.0000000000000000        0.0000000000000000        0.0000000000000000        0.0000000000000000        0.0000000000000000        0.0000000000000000        0.0000000000000000        0.0000000000000000        0.0000000000000000        0.0000000000000000        0.0000000000000000        0.0000000000000000        0.0000000000000000       -3.7291929990798180E-006  -4.6854392888218530E-005   2.9237357803235512E-004   9.4804114501072026E-003  0.15208572055162525        1.0490512514806254       0.15208572055162478        9.4804114501070517E-003
   0.0000000000000000        0.0000000000000000        0.0000000000000000        0.0000000000000000        0.0000000000000000        0.0000000000000000        0.0000000000000000        0.0000000000000000        0.0000000000000000        0.0000000000000000        0.0000000000000000        0.0000000000000000        0.0000000000000000        0.0000000000000000        0.0000000000000000        0.0000000000000000        0.0000000000000000        0.0000000000000000        0.0000000000000000        0.0000000000000000        0.0000000000000000        0.0000000000000000        0.0000000000000000        0.0000000000000000        0.0000000000000000       -3.7291929990798112E-006  -4.6854392888218530E-005   2.9237357803236830E-004   9.4804114501072980E-003  0.15208572055162478        1.0490512514806254       0.15208572055162140     
   0.0000000000000000        0.0000000000000000        0.0000000000000000        0.0000000000000000        0.0000000000000000        0.0000000000000000        0.0000000000000000        0.0000000000000000        0.0000000000000000        0.0000000000000000        0.0000000000000000        0.0000000000000000        0.0000000000000000        0.0000000000000000        0.0000000000000000        0.0000000000000000        0.0000000000000000        0.0000000000000000        0.0000000000000000        0.0000000000000000        0.0000000000000000        0.0000000000000000        0.0000000000000000        0.0000000000000000        0.0000000000000000        0.0000000000000000       -3.7291929990797841E-006  -4.6854392888218530E-005   2.9237357803236076E-004   9.4804114501070517E-003  0.15208572055162140        1.0490512514806254     
